50 0.9 394.11
0.09 0
0.34 0
199.44 11 3 182822255 5 277469016 7 256866749 9 305578836 11 173861426 13 240215470 15 156638192 17 338877393 19 277494444 21 134508693 23 236983972
42.74 2 1 24000 4 24000
0.76 1 0 216
27.88 2 1 24000 6 24000
1.08 1 0 216
35.67 2 1 24000 8 24000
1.35 1 0 216
62.17 2 1 24000 10 24000
1.04 1 0 216
45.16 2 1 24000 12 24000
1.57 1 0 216
58.52 2 1 24000 14 24000
1.23 1 0 216
36.06 2 1 24000 16 24000
0.85 1 0 216
61.08 2 1 24000 18 24000
1.24 1 0 216
34.73 2 1 24000 20 24000
1.07 1 0 216
35.55 2 1 24000 22 24000
1.59 1 0 216
34.34 2 1 24000 24 24000
1.34 1 0 216
127.34 12 26 243871203 28 287346468 30 305858283 32 153205543 34 202272714 36 283672522 38 208557257 40 337020973 42 133378642 44 344130292 46 293044888 48 162057005
57.93 2 1 24000 27 24000
0.72 1 0 216
23.48 2 1 24000 29 24000
1.32 1 0 216
52.36 2 1 24000 31 24000
1.48 1 0 216
48.99 2 1 24000 33 24000
1.5 1 0 216
31.08 2 1 24000 35 24000
1.02 1 0 216
21.75 2 1 24000 37 24000
1.6 1 0 216
53.97 2 1 24000 39 24000
1.28 1 0 216
63.68 2 1 24000 41 24000
1.13 1 0 216
37.53 2 1 24000 43 24000
0.6 1 0 216
47.76 2 1 24000 45 24000
1.47 1 0 216
25.48 2 1 24000 47 24000
0.76 1 0 216
30.74 2 1 24000 49 24000
1.12 1 0 216
