100 0.9 342.43500000000006
0.7 0
0.64 0
164.74 22 3 307881638 5 287437392 7 147217225 9 315681036 11 193999876 13 212824116 15 133876564 17 306221588 19 314014042 21 177639089 23 141554394 25 278985753 27 213028164 29 281750955 31 187872381 33 302867396 35 313048862 37 261405380 39 138089347 41 151338583 43 236636655 45 250309182
37.67 2 1 24000 4 24000
1.05 1 0 216
59.03 2 1 24000 6 24000
0.57 1 0 216
39.91 2 1 24000 8 24000
1.17 1 0 216
36.85 2 1 24000 10 24000
1.61 1 0 216
23.88 2 1 24000 12 24000
0.95 1 0 216
55.3 2 1 24000 14 24000
1.02 1 0 216
56.56 2 1 24000 16 24000
0.66 1 0 216
29.84 2 1 24000 18 24000
0.57 1 0 216
29.85 2 1 24000 20 24000
1.05 1 0 216
46.27 2 1 24000 22 24000
0.84 1 0 216
35.34 2 1 24000 24 24000
0.92 1 0 216
24.86 2 1 24000 26 24000
1.39 1 0 216
61.38 2 1 24000 28 24000
1.47 1 0 216
49.51 2 1 24000 30 24000
0.71 1 0 216
33.07 2 1 24000 32 24000
0.7 1 0 216
35.24 2 1 24000 34 24000
1.48 1 0 216
30.35 2 1 24000 36 24000
0.98 1 0 216
36.84 2 1 24000 38 24000
1.41 1 0 216
46.39 2 1 24000 40 24000
1.43 1 0 216
21.72 2 1 24000 42 24000
1.42 1 0 216
36.15 2 1 24000 44 24000
0.61 1 0 216
50.93 2 1 24000 46 24000
0.8 1 0 216
90.75 26 48 266173011 50 301445733 52 117640244 54 254691701 56 270046526 58 241889855 60 244672362 62 327148181 64 191784686 66 219287440 68 136967044 70 235454833 72 152063134 74 129091493 76 123528394 78 124121712 80 223076088 82 244780204 84 306065932 86 279687848 88 281240757 90 251187186 92 190792864 94 256169680 96 189280946 98 247823434
64 2 1 24000 49 24000
1 1 0 216
57.66 2 1 24000 51 24000
1.14 1 0 216
43.33 2 1 24000 53 24000
0.95 1 0 216
50.55 2 1 24000 55 24000
1.32 1 0 216
35.84 2 1 24000 57 24000
0.77 1 0 216
31.79 2 1 24000 59 24000
1.58 1 0 216
39.21 2 1 24000 61 24000
0.92 1 0 216
30.44 2 1 24000 63 24000
1.47 1 0 216
22.29 2 1 24000 65 24000
0.78 1 0 216
29.44 2 1 24000 67 24000
0.61 1 0 216
23.02 2 1 24000 69 24000
1.44 1 0 216
26.94 2 1 24000 71 24000
1.08 1 0 216
63.09 2 1 24000 73 24000
0.59 1 0 216
22.48 2 1 24000 75 24000
0.85 1 0 216
43.56 2 1 24000 77 24000
0.85 1 0 216
48.47 2 1 24000 79 24000
1.55 1 0 216
35.34 2 1 24000 81 24000
0.72 1 0 216
21.79 2 1 24000 83 24000
1.55 1 0 216
62.64 2 1 24000 85 24000
0.65 1 0 216
58.81 2 1 24000 87 24000
1.49 1 0 216
55.66 2 1 24000 89 24000
0.71 1 0 216
27.64 2 1 24000 91 24000
1.19 1 0 216
21.92 2 1 24000 93 24000
1.13 1 0 216
45.25 2 1 24000 95 24000
0.75 1 0 216
42.5 2 1 24000 97 24000
0.89 1 0 216
49.8 2 1 24000 99 24000
0.59 1 0 216
