24 0.9 8371.575
103.52 5 1 85534312 2 98262176 3 80623179 4 98592518 5 83847170
7.01 1 6 44066037
8.23 1 7 48142335
8.15 1 8 38553524
9.25 1 9 47435716
11.89 1 10 43314524
2.36 1 11 24613282
3.54 1 12 44753970
3.26 1 13 24969343
3.06 1 14 36701822
5.02 1 15 37310027
4.25 1 16 6918721
5.91 1 17 10323313
4.03 1 18 5956867
4.72 1 19 9015905
5.16 1 20 9039432
2830.54 1 21 7520348
3196.4 1 21 11220992
2425.31 1 21 6474855
3623.08 1 21 9799896
4062.96 1 21 9825469
17.23 1 22 42303358
0.05 1 23 641552
1375.22 0
