997 0.9 51066.16500000001
56.92 35 7 11152690 8 12054908 9 8787703 10 11239917 11 15316109 12 10805834 13 5760224 14 11372012 15 10063591 16 18138537 17 9637842 18 3836743 19 22352845 20 8544122 21 10727799 22 7388049 23 6907890 24 20450294 25 12369327 26 13280520 27 13501168 28 1 29 32581406 30 6097105 31 1 32 15832222 33 5025228 34 30013454 35 22040580 36 1 37 23725871 38 12331582 39 14447468 40 686546 41 13747416
26.02 35 42 6960445 43 7112244 44 7880285 45 5998099 46 9129667 47 7737335 48 6139476 49 10358472 50 3222705 51 8924288 52 10742492 53 2999551 54 10480859 55 7020030 56 360411 57 12249774 58 4240019 59 11995170 60 964145 61 8716675 62 3776638 63 8567308 64 19224655 65 1 66 17724951 67 1 68 9732442 69 11530121 70 9706327 71 1 72 18993245 73 1 74 667027 75 6139033 76 17638604
72.32 35 77 10737316 78 9748655 79 11648970 80 9997244 81 11373738 82 12088966 83 6278186 84 15472670 85 3907246 86 14720891 87 7583550 88 8889899 89 20617758 90 10554860 91 6226394 92 6608670 93 15353292 94 13098966 95 4272835 96 21339002 97 1710992 98 2716788 99 18831096 100 10330557 101 2495744 102 23446002 103 20368627 104 1 105 22660606 106 1798803 107 23619367 108 17290439 109 1 110 4774654 111 24925133
32.78 35 112 6685679 113 6711583 114 6935398 115 4273108 116 8796732 117 5164148 118 5473290 119 9888483 120 6146620 121 2549052 122 7081756 123 7776066 124 8704165 125 5990768 126 89374 127 12643325 128 3095551 129 8358372 130 2783890 131 15297750 132 1 133 14676331 134 7147169 135 1 136 4485464 137 13006400 138 8386835 139 4598458 140 11295630 141 1 142 16421272 143 9057977 144 3830352 145 4629842 146 3227796
70.96 35 147 12384271 148 12588949 149 13879093 150 13770960 151 11874957 152 10478865 153 16171468 154 15411355 155 8754533 156 8739391 157 17305122 158 8360934 159 23412312 160 9970748 161 9176943 162 21080501 163 10789958 164 13704541 165 15597337 166 2060192 167 19802255 168 73159 169 13348695 170 9737546 171 26295947 172 22941268 173 777358 174 19659976 175 25188256 176 1 177 10369660 178 14334936 179 23045327 180 1 181 20374104
67.63 35 182 13295635 183 13256541 184 15105683 185 12889663 186 15900818 187 10671690 188 10650427 189 16430217 190 16008437 191 7511676 192 21465491 193 10836155 194 12661606 195 20285639 196 5703074 197 16486927 198 13847979 199 19871853 200 1923820 201 27750031 202 15217109 203 1 204 6761937 205 30951230 206 1 207 36544107 208 1707123 209 26546300 210 3439086 211 7355344 212 22945946 213 18395876 214 14389111 215 1 216 28809051
55.07 35 217 11465900 218 11433597 219 10858324 220 10865317 221 13211222 222 10855696 223 14293063 224 10383202 225 14219030 226 8280740 227 12615293 228 7537322 229 21229058 230 9263072 231 3346095 232 9710619 233 12793113 234 17265447 235 7917983 236 23811878 237 226845 238 23069265 239 12981622 240 5479264 241 18565343 242 10647828 243 9473132 244 1 245 8195589 246 10695372 247 13727603 248 43502063 249 1163739 250 17849120 251 1
1.3 1 252 5614382
2.53 1 253 6249743
1.4 1 254 4461698
1.59 1 255 5410304
1.88 1 256 7428660
1.58 1 257 5654914
1.14 1 258 2759107
1.87 1 259 5570621
0.84 1 260 4844486
3.99 1 261 9194388
1.04 1 262 4782511
0.42 1 263 1944160
1.89 1 264 11668296
1.18 1 265 4382351
0.94 1 266 5413848
1.03 1 267 3541166
1.25 1 268 3470982
1.88 1 269 10027400
1.74 1 270 6115219
1.32 1 271 6793973
1.54 1 272 6858431
-1.03 1 273 1
4.07 1 274 16239604
0.55 1 275 2973654
-1 1 276 1
2.46 1 277 7755613
0.58 1 278 2426182
4.24 1 279 14860801
2.77 1 280 11564105
-1.64 1 281 1
1.99 1 282 12455602
2.32 1 283 6065314
2.88 1 284 7526116
0.07 1 285 340483
1.61 1 286 7200167
1.09 1 287 3627562
0.86 1 288 3642708
0.99 1 289 3959113
0.53 1 290 3128511
0.82 1 291 4397351
0.62 1 292 3735303
0.58 1 293 3122674
0.89 1 294 5140457
0.48 1 295 1668307
1.08 1 296 4604923
1.85 1 297 5293816
0.34 1 298 1572362
1.96 1 299 4997364
0.61 1 300 3378293
0.04 1 301 187763
1.16 1 302 6095181
0.44 1 303 2017077
1.88 1 304 6084688
0.18 1 305 490321
0.75 1 306 4518055
0.44 1 307 1925857
1.33 1 308 4447188
4.1 1 309 9601298
-0.24 1 310 1
1.73 1 311 8615494
-0.48 1 312 1
1.12 1 313 4939524
1.52 1 314 5623311
0.93 1 315 4771460
-0.31 1 316 1
2.13 1 317 9865973
-0.39 1 318 1
0.11 1 319 350129
0.5 1 320 3168332
2.67 1 321 9045838
1.14 1 322 5471037
1.16 1 323 4731376
1.29 1 324 6093700
0.9 1 325 5240300
1.68 1 326 5581170
1.66 1 327 6173710
1.47 1 328 3027836
1.38 1 329 7533760
0.42 1 330 1876779
3.36 1 331 7554152
0.86 1 332 3802691
0.79 1 333 4323863
2.19 1 334 10510887
1.21 1 335 5388576
1.46 1 336 3096532
0.79 1 337 3220906
2.29 1 338 7936328
3.05 1 339 6745090
0.65 1 340 2073053
2.8 1 341 10817181
0.18 1 342 895646
0.39 1 343 1304305
1.8 1 344 9474314
1.78 1 345 5381226
0.39 1 346 1261324
1.9 1 347 12302785
4.35 1 348 10056384
-1.17 1 349 1
2.07 1 350 11698771
0.27 1 351 869671
4.92 1 352 11248220
3.07 1 353 8515617
-1.27 1 354 1
0.61 1 355 2394536
2.83 1 356 12928311
0.59 1 357 3233894
0.56 1 358 3405789
1.63 1 359 3398742
0.56 1 360 2059835
1.35 1 361 4408411
0.58 1 362 2624401
0.97 1 363 2699002
1.23 1 364 5075751
0.61 1 365 3079795
0.29 1 366 1295031
0.73 1 367 3653744
0.72 1 368 3763626
0.71 1 369 4376770
0.52 1 370 2921667
0.01 1 371 45768
1.44 1 372 6571804
0.39 1 373 1481610
1.14 1 374 4184683
0.5 1 375 1341397
2.31 1 376 7492988
-0.69 1 377 1
3.34 1 378 7418714
0.72 1 379 3578888
-0.16 1 380 1
0.54 1 381 2297800
2.02 1 382 6313110
1.94 1 383 4282202
0.66 1 384 2238377
2.44 1 385 5917007
-0.32 1 386 1
2.59 1 387 7892062
0.93 1 388 4673621
0.4 1 389 1943107
0.72 1 390 2268300
0.47 1 391 1622389
1.11 1 392 6494875
1.29 1 393 6208955
1.63 1 394 6837149
2.35 1 395 6740976
2.33 1 396 5781873
1.41 1 397 5424558
2.7 1 398 8319814
1.86 1 399 7738238
1.31 1 400 4578709
1.28 1 401 4227604
3.11 1 402 8961897
1.21 1 403 4145417
5.41 1 404 11338672
1.06 1 405 5073548
1.08 1 406 4796871
2.6 1 407 10780598
2.12 1 408 5265588
2.02 1 409 6775268
1.39 1 410 7486621
0.21 1 411 984122
4.31 1 412 10217216
0.01 1 413 37863
1.41 1 414 6634088
0.89 1 415 4938923
2.7 1 416 13415508
3.88 1 417 11460430
0.11 1 418 381616
2.46 1 419 9699074
2.46 1 420 12690474
-0.17 1 421 1
0.86 1 422 5371153
1.47 1 423 7499878
2.49 1 424 11781051
-0.57 1 425 1
3.07 1 426 9726735
1.76 1 427 6352982
1.39 1 428 6352903
1.73 1 429 7278350
1.93 1 430 6561821
2.19 1 431 7925506
1.25 1 432 5457014
1.71 1 433 5467917
1.45 1 434 8203520
1.81 1 435 8363082
1.16 1 436 3649840
2.06 1 437 10615477
0.98 1 438 5491609
1.12 1 439 6348627
3.04 1 440 9942327
0.74 1 441 2805778
1.76 1 442 8090297
3.11 1 443 6599075
3.17 1 444 10116253
0.16 1 445 1005624
4.07 1 446 13198863
1.44 1 447 7362457
-0.57 1 448 1
0.64 1 449 3288514
4.47 1 450 15135431
-0.53 1 451 1
4.04 1 452 18937764
0.24 1 453 882101
2.21 1 454 12926240
0.49 1 455 1702467
0.99 1 456 3730950
3.11 1 457 11645269
3.42 1 458 9055196
1.36 1 459 7404552
-0.64 1 460 1
2.83 1 461 13767880
2.52 1 462 5757415
1.31 1 463 5769002
1.06 1 464 5560079
1.9 1 465 5682571
2.31 1 466 6315642
1.33 1 467 5328686
1.35 1 468 7339772
1.25 1 469 5211796
1.38 1 470 7253659
0.87 1 471 4056910
1.36 1 472 6155697
0.73 1 473 3813320
2.69 1 474 11084841
1.44 1 475 4443467
0.33 1 476 1714241
0.89 1 477 4883903
1.31 1 478 6657632
1.79 1 479 8366894
0.63 1 480 4020428
2.4 1 481 12008685
0.05 1 482 109203
2.8 1 483 11151145
1.36 1 484 6462138
0.59 1 485 2797162
2.49 1 486 9499221
2.38 1 487 5416310
1.07 1 488 4600490
-1.07 1 489 1
0.92 1 490 4097076
1.28 1 491 5419057
1.87 1 492 7094589
5.03 1 493 20949152
0.12 1 494 564725
1.77 1 495 9027981
-0.39 1 496 1
0.52 1 497 3786979
0.37 1 498 3337318
0.35 1 499 3298670
0.67 1 500 3512513
0.4 1 501 4796276
0.42 1 502 3544676
0.17 1 503 2250991
0.43 1 504 4280362
0.3 1 505 4067608
0.47 1 506 8085543
0.32 1 507 3393844
0.11 1 508 1001476
0.67 1 509 7881599
0.33 1 510 2444306
0.46 1 511 3684600
0.4 1 512 2621776
0.18 1 513 3519818
0.64 1 514 8449100
0.38 1 515 4865448
0.37 1 516 3543093
0.38 1 517 4939263
-0.24 1 518 1
0.73 1 519 14963978
0.16 1 520 3194225
-0.51 1 521 1
0.48 1 522 9445243
0.16 1 523 2220001
1.25 1 524 15164259
0.68 1 525 8142284
-0.47 1 526 1
1.03 1 527 6733151
0.34 1 528 4078193
0.39 1 529 6733148
0.03 1 530 214569
0.43 1 531 10474488
0.23 1 532 2299758
0.29 1 533 3127287
0.29 1 534 3143520
0.22 1 535 2672794
0.33 1 536 2274930
0.19 1 537 2708204
0.31 1 538 1892593
0.34 1 539 7318888
0.11 1 540 1585471
0.3 1 541 3375154
0.33 1 542 2981952
0.08 1 543 825739
0.31 1 544 4175484
0.24 1 545 2228155
0.02 1 546 118917
0.38 1 547 3794113
0.13 1 548 1648677
0.48 1 549 3422431
0.02 1 550 354153
0.25 1 551 2983510
0.1 1 552 1712192
0.27 1 553 5045234
1.11 1 554 5165906
-0.08 1 555 1
0.61 1 556 4750692
-0.14 1 557 1
0.29 1 558 6682023
0.41 1 559 3118365
0.28 1 560 2907365
-0.05 1 561 1
0.65 1 562 9668079
-0.1 1 563 1
0.02 1 564 274032
0.21 1 565 2317848
0.71 1 566 5413514
0.3 1 567 3807345
0.25 1 568 3987373
0.38 1 569 4191843
0.47 1 570 3009951
0.54 1 571 4324670
0.71 1 572 5572778
0.19 1 573 2424640
0.75 1 574 6445910
0.13 1 575 1840929
0.63 1 576 5217217
0.33 1 577 3312587
0.33 1 578 2815729
0.59 1 579 10012453
0.44 1 580 3009949
0.2 1 581 2258098
0.24 1 582 1807534
0.61 1 583 5964719
0.47 1 584 4499318
0.11 1 585 2163524
0.62 1 586 10218149
0.05 1 587 709002
0.08 1 588 924662
0.58 1 589 7947287
0.31 1 590 5255333
0.12 1 591 1354422
0.89 1 592 8109430
0.69 1 593 6948562
-0.3 1 594 1
0.87 1 595 10719643
0.05 1 596 665720
0.98 1 597 9670818
0.61 1 598 7319104
-0.49 1 599 1
0.22 1 600 1345423
0.73 1 601 13798368
0.19 1 602 2101849
0.2 1 603 2325115
0.17 1 604 2036808
0.11 1 605 1254084
0.25 1 606 2348200
0.19 1 607 2096359
0.19 1 608 1700419
0.3 1 609 3635164
0.18 1 610 3225284
0.08 1 611 937643
0.26 1 612 2580633
0.22 1 613 2798387
0.31 1 614 3245643
0.2 1 615 1735130
0 1 616 35853
0.44 1 617 4591571
0.18 1 618 1182121
0.22 1 619 3563038
0.09 1 620 1182319
0.8 1 621 6621609
-0.14 1 622 1
0.79 1 623 5059073
0.21 1 624 2952908
-0.04 1 625 1
0.21 1 626 1239949
0.55 1 627 5887013
0.38 1 628 3066672
0.16 1 629 1474268
0.35 1 630 3223353
-0.16 1 631 1
0.48 1 632 4568074
0.33 1 633 3333926
0.11 1 634 1425554
0.18 1 635 1620764
0.1 1 636 1232101
0.55 1 637 4560839
0.43 1 638 4606098
0.68 1 639 5856061
0.63 1 640 5325225
0.39 1 641 3855555
0.27 1 642 3421890
0.93 1 643 6067014
0.59 1 644 7515944
0.43 1 645 5652012
0.2 1 646 3080105
0.7 1 647 7311012
0.55 1 648 3394514
0.68 1 649 13641061
0.24 1 650 4062658
0.28 1 651 2851448
0.98 1 652 5991356
0.31 1 653 3837690
0.47 1 654 7114022
0.6 1 655 8033669
0.06 1 656 690299
0.57 1 657 8245126
0 1 658 24275
0.44 1 659 5996978
0.38 1 660 7409373
1.18 1 661 13897878
0.87 1 662 10616547
0.03 1 663 254699
0.64 1 664 8847761
0.9 1 665 10787720
-0.03 1 666 1
0.27 1 667 3366935
0.41 1 668 7342077
0.72 1 669 7308888
-0.25 1 670 1
1.03 1 671 6716127
0.5 1 672 4034089
0.44 1 673 4315870
0.53 1 674 6983652
0.39 1 675 3601489
0.49 1 676 5421461
0.28 1 677 4961712
0.32 1 678 4921755
0.6 1 679 4995911
0.68 1 680 6967886
0.2 1 681 2528647
0.73 1 682 11575759
0.55 1 683 4055609
0.36 1 684 6683373
0.45 1 685 6155321
0.18 1 686 2118377
0.45 1 687 5930054
0.3 1 688 7148900
0.67 1 689 8550248
0.11 1 690 671047
1.19 1 691 12188914
0.54 1 692 7101643
-0.21 1 693 1
0.2 1 694 2199204
0.88 1 695 13078232
-0.14 1 696 1
1.1 1 697 12563781
0.06 1 698 506902
1.15 1 699 7515525
0.1 1 700 944406
0.36 1 701 2115253
0.67 1 702 12615047
0.77 1 703 9240372
0.43 1 704 4812368
-0.2 1 705 1
0.9 1 706 10006014
0.65 1 707 5545337
0.37 1 708 5440048
0.33 1 709 5361824
0.39 1 710 5874060
0.63 1 711 3806328
0.39 1 712 4841100
0.38 1 713 7447332
0.27 1 714 3425880
0.48 1 715 4534990
0.23 1 716 2479289
0.49 1 717 5092107
0.18 1 718 3276534
0.84 1 719 11163243
0.4 1 720 4732425
0.11 1 721 1727394
0.32 1 722 3022328
0.37 1 723 5792769
0.49 1 724 8091692
0.21 1 725 2585364
1.25 1 726 6897259
0.01 1 727 71324
0.66 1 728 9656505
0.56 1 729 3741813
0.21 1 730 1944717
0.61 1 731 8300661
0.48 1 732 4137360
0.29 1 733 3115505
-0.19 1 734 1
0.29 1 735 3041611
0.27 1 736 3977673
0.71 1 737 5609671
1.59 1 738 23524659
0.03 1 739 469195
0.75 1 740 6699835
-0.05 1 741 1
0.55 1 742 954182
0.61 1 743 769109
0.48 1 744 756515
0.42 1 745 839435
0.75 1 746 1154915
0.54 1 747 709070
0.29 1 748 505284
0.62 1 749 1151777
0.56 1 750 886863
1.59 1 751 1909482
0.59 1 752 747539
0.15 1 753 222745
1 1 754 1567860
0.29 1 755 700418
0.78 1 756 767226
0.29 1 757 620071
0.67 1 758 789594
1.7 1 759 2242827
0.68 1 760 1043811
0.67 1 761 845012
0.66 1 762 1118368
-0.46 1 763 1
2.9 1 764 3590113
0.45 1 765 773316
-0.56 1 766 1
1.31 1 767 2234114
0.37 1 768 582691
1.92 1 769 3753317
1.05 1 770 1836234
-0.53 1 771 1
0.9 1 772 1683744
0.57 1 773 899051
1.02 1 774 1627646
0.03 1 775 49015
1.11 1 776 2473745
0.29 1 777 574308
0.41 1 778 712412
0.56 1 779 664349
0.38 1 780 631898
0.32 1 781 532669
0.3 1 782 610668
0.27 1 783 502618
1.02 1 784 1747819
0.25 1 785 403763
0.53 1 786 783043
0.4 1 787 561112
0.12 1 788 183863
0.71 1 789 1016538
0.29 1 790 611906
0.01 1 791 31160
0.6 1 792 884507
0.29 1 793 376959
0.42 1 794 1078291
0.08 1 795 76073
0.31 1 796 600536
0.25 1 797 321392
0.74 1 798 1124072
0.78 1 799 1472457
-0.12 1 800 1
0.75 1 801 1029833
-0.19 1 802 1
0.82 1 803 1572369
0.51 1 804 709598
0.39 1 805 701098
-0.07 1 806 1
1.7 1 807 2534269
-0.17 1 808 1
0.03 1 809 63530
0.29 1 810 466649
1.06 1 811 1409067
0.55 1 812 896227
0.49 1 813 923991
0.53 1 814 1084507
0.39 1 815 679015
0.68 1 816 1056742
0.84 1 817 1381341
0.41 1 818 610572
0.97 1 819 1588921
0.33 1 820 495217
0.75 1 821 1338261
0.49 1 822 858876
0.36 1 823 646650
1.37 1 824 2470988
0.53 1 825 788530
0.29 1 826 470793
0.27 1 827 386638
0.95 1 828 1316900
0.54 1 829 996664
0.32 1 830 510828
1.58 1 831 2423129
0.1 1 832 177326
0.13 1 833 246720
1.07 1 834 1581606
0.69 1 835 1260546
0.19 1 836 303753
0.83 1 837 2105640
1.09 1 838 1473306
-0.81 1 839 1
1.56 1 840 2525315
0.08 1 841 157251
1.56 1 842 2663699
1.07 1 843 1701378
-0.35 1 844 1
0.21 1 845 358584
2.16 1 846 2814930
0.29 1 847 546918
0.41 1 848 586407
0.3 1 849 495045
0.18 1 850 280806
0.38 1 851 694743
0.29 1 852 511513
0.27 1 853 478883
0.65 1 854 832938
0.64 1 855 822187
0.12 1 856 208023
0.31 1 857 834512
0.44 1 858 623038
0.56 1 859 720215
0.22 1 860 342813
0 1 861 8818
0.5 1 862 948875
0.25 1 863 298062
0.45 1 864 830664
0.19 1 865 255067
1.66 1 866 1864570
-0.18 1 867 1
0.85 1 868 1256450
0.42 1 869 670367
-0.08 1 870 1
0.24 1 871 311524
0.86 1 872 1289114
0.35 1 873 678112
0.21 1 874 339444
0.45 1 875 831401
-0.2 1 876 1
0.72 1 877 1033982
0.44 1 878 919961
0.27 1 879 255588
0.2 1 880 417260
0.18 1 881 291310
0.59 1 882 893171
0.66 1 883 1121653
1.14 1 884 1438159
1.14 1 885 1639805
0.51 1 886 938250
0.54 1 887 715572
0.82 1 888 1374062
0.98 1 889 1507476
1.13 1 890 1343015
0.62 1 891 592073
0.99 1 892 1719382
0.56 1 893 757625
1.79 1 894 3918191
0.51 1 895 827774
0.44 1 896 653628
1.12 1 897 1271139
0.53 1 898 918293
1.23 1 899 1975241
0.96 1 900 1953684
0.12 1 901 179309
1.36 1 902 2086277
0 1 903 5718
0.78 1 904 1230758
1.07 1 905 1685741
1.67 1 906 3248201
1.42 1 907 2292564
0.04 1 908 53837
1.46 1 909 2399710
1.54 1 910 3276263
-0.04 1 911 1
0.58 1 912 802811
1.22 1 913 1949819
1 1 914 1630093
-0.4 1 915 1
1.26 1 916 1353550
0.76 1 917 997683
0.46 1 918 913254
1.08 1 919 1751746
0.55 1 920 920340
0.6 1 921 1120963
0.65 1 922 1462234
0.83 1 923 946989
0.73 1 924 1105830
1.03 1 925 1640512
0.29 1 926 582307
1.73 1 927 2494714
0.47 1 928 1077361
1.34 1 929 1416554
1.03 1 930 1721920
0.25 1 931 505675
0.78 1 932 1343678
1 1 933 1546202
1.32 1 934 2073752
0.11 1 935 159589
1.49 1 936 2556908
0.95 1 937 1633940
-0.27 1 938 1
0.31 1 939 487016
2.14 1 940 2620201
-0.2 1 941 1
1.47 1 942 3252637
0.08 1 943 104245
1.13 1 944 1929515
0.13 1 945 186148
0.28 1 946 541852
2.62 1 947 3080894
1.87 1 948 1876021
0.88 1 949 991257
-0.31 1 950 1
1.71 1 951 2632052
0.75 1 952 1299818
0.74 1 953 1182420
0.69 1 954 1301929
0.84 1 955 1396181
0.53 1 956 827342
0.65 1 957 1024459
0.98 1 958 1676599
0.67 1 959 773690
0.58 1 960 1193283
0.34 1 961 655569
0.83 1 962 1208884
0.5 1 963 884721
1.86 1 964 2839732
0.62 1 965 1250077
0.32 1 966 402553
0.51 1 967 785600
0.93 1 968 1281977
1.4 1 969 1711286
0.33 1 970 649966
1.05 1 971 1835382
0.01 1 972 15834
1.5 1 973 2549494
0.56 1 974 870153
0.35 1 975 438010
1.06 1 976 2104072
0.7 1 977 898116
0.5 1 978 759279
-0.44 1 979 1
0.56 1 980 745079
0.74 1 981 1039204
0.63 1 982 1415861
4.76 1 983 4862974
0.06 1 984 109719
0.88 1 985 1680772
-0.15 1 986 1
11977.31 1 987 1037154
13102.88 1 987 835988
20674.88 1 987 822298
13720.14 1 987 912429
22953.67 1 987 1255342
14887.28 1 987 770728
22891.83 1 987 549221
19651.66 1 987 1251931
26069.77 1 987 963981
11316.23 1 987 2075523
12245.06 1 987 812542
13741.92 1 987 242114
17855.25 1 987 1704195
18354.89 1 987 761323
13825.75 1 987 833941
15878.53 1 987 673990
15500.8 1 987 858254
17438.02 1 987 2437855
16702.8 1 987 1134577
20962.96 1 987 918491
16896.12 1 987 1215617
11780.42 1 987 1
11120.67 1 987 3902296
19450.51 1 987 840560
24608.08 1 987 1
9915.45 1 987 2428384
11138.73 1 987 633359
14054.29 1 987 4079692
14470.27 1 987 1995906
21542.88 1 987 1
14130.43 1 987 1830156
12112.78 1 987 977229
17063.14 1 987 1769180
13266.63 1 987 53277
15432.06 1 987 2688853
10883.29 1 988 624247
22196.07 1 988 774360
13838.05 1 988 722118
10720.12 1 988 686845
9907.92 1 988 578988
13509.48 1 988 663769
13643.95 1 988 546323
13467.07 1 988 1899803
14667.69 1 988 438872
20391.59 1 988 851133
24287.05 1 988 609904
12730.42 1 988 199851
16732.89 1 988 1104932
14617.49 1 988 665115
15741.97 1 988 33869
23469.4 1 988 961420
16126 1 988 409738
15521.88 1 988 1172055
10830.11 1 988 82688
13602.77 1 988 652756
16083.09 1 988 349339
14900.07 1 988 1221817
21387.29 1 988 1600496
25473.7 1 988 1
12409.27 1 988 1119383
13647.23 1 988 1
11524.29 1 988 1709096
12956.04 1 988 771302
13441.56 1 988 762063
18489.82 1 988 1
19136 1 988 2754640
16629.89 1 988 1
17469.92 1 988 69054
14620.67 1 988 507227
13472.99 1 988 1531594
10803.33 1 989 974159
18837.14 1 989 1004338
21012.95 1 989 1178811
16742.08 1 989 738059
20892.7 1 989 1148632
12767.83 1 989 1501457
16241 1 989 663665
10256.54 1 989 1727088
11772.29 1 989 538279
19056.51 1 989 1454631
10252 1 989 933560
21473.02 1 989 702880
26141.8 1 989 2685856
14542.97 1 989 857097
16431.42 1 989 511731
13778.05 1 989 420258
13442.49 1 989 1431413
14082.08 1 989 1083330
16112.58 1 989 555247
14996.71 1 989 2633835
14917.54 1 989 192745
12549.66 1 989 268173
11753.86 1 989 1719136
20641.6 1 989 1370158
15613.57 1 989 330166
15282.24 1 989 2288739
18563.06 1 989 1601419
18931.52 1 989 1
17722.01 1 989 2744907
14225.31 1 989 170925
18157.51 1 989 2895325
11669.47 1 989 1849323
16999.54 1 989 1
16435.71 1 989 389765
13675.98 1 989 3059706
12139.16 1 990 594476
18535.19 1 990 637398
13091.81 1 990 538092
9806.89 1 990 305223
13962.65 1 990 755155
15170.37 1 990 555992
15404.77 1 990 520525
13674.61 1 990 905367
15662.74 1 990 893681
16536.99 1 990 226111
15479.1 1 990 907078
14635.29 1 990 677215
10402.8 1 990 782842
9607.1 1 990 372622
19398.01 1 990 9584
15781.19 1 990 1031385
21913.27 1 990 323980
10642.97 1 990 902895
22269.38 1 990 277246
11623.04 1 990 2026706
10952.38 1 990 1
10297.57 1 990 1365706
11951.9 1 990 728659
21470.92 1 990 1
16428.12 1 990 338613
10628.48 1 990 1401210
26944.92 1 990 737078
15064.02 1 990 368960
16492.61 1 990 903696
13028.9 1 990 1
21916.27 1 990 1123893
17220.58 1 990 999957
12476.96 1 990 277813
12754.21 1 990 453543
16953.03 1 990 316641
20649.51 1 991 970838
18008.97 1 991 1219188
12005.75 1 991 1563216
13323.9 1 991 1782396
22029.39 1 991 1019836
21396.58 1 991 777795
9989.36 1 991 1493545
18338.54 1 991 1638560
17714.24 1 991 1459798
17863.43 1 991 643557
12320.19 1 991 1868893
18697.32 1 991 823505
12217.6 1 991 4258903
22314.97 1 991 899754
24935.64 1 991 710465
27093.35 1 991 1381672
10646.19 1 991 998144
14619.57 1 991 2147001
13054.28 1 991 2123569
13126.36 1 991 194901
16511.18 1 991 2267692
16438.06 1 991 6215
16780.66 1 991 1337780
13639.78 1 991 1832327
16954.36 1 991 3530653
12574.04 1 991 2491917
15630.02 1 991 58518
20366.9 1 991 2608380
16453.21 1 991 3561155
25622.43 1 991 1
17543.85 1 991 872620
14377.74 1 991 2119368
13865.22 1 991 1771840
13639.19 1 991 1
17396.39 1 991 1471250
12022.57 1 992 1084438
19826.56 1 992 992667
17342.2 1 992 1904071
11710.58 1 992 1000369
24554.16 1 992 1218438
10957.79 1 992 1589384
15851.61 1 992 1029335
15468.65 1 992 1201989
12304.51 1 992 1783165
10375.7 1 992 632942
13988.41 1 992 2711645
12041.19 1 992 1171044
18613.05 1 992 1539732
14804.57 1 992 1871652
10700.22 1 992 549646
12296.27 1 992 1460519
13115.27 1 992 1680654
14048.63 1 992 2254078
19072.88 1 992 173466
12807.52 1 992 2779247
12951.66 1 992 1776021
12808.89 1 992 1
12959.84 1 992 529365
15593.99 1 992 2848044
27406.15 1 992 1
15201.3 1 992 3535475
11154.83 1 992 113309
17572.71 1 992 2097298
12866.56 1 992 202334
15665.53 1 992 588969
18637.97 1 992 3348797
19401.74 1 992 2039153
19134.76 1 992 1077453
13920.16 1 992 1
15561.11 1 992 2860926
12156.24 1 993 1412845
12916.85 1 993 1285239
11292.6 1 993 1415140
19642.08 1 993 1517588
13227.86 1 993 899284
22720.44 1 993 1113542
11477.33 1 993 1822390
10564.62 1 993 840967
22995.1 1 993 1297046
13527.81 1 993 712575
18143.41 1 993 1314004
11236.92 1 993 961653
11092.36 1 993 3086665
15426.5 1 993 1358779
12816.35 1 993 437557
12265.7 1 993 853913
15488.32 1 993 1393453
14582.28 1 993 1860093
14888.51 1 993 706484
19674.27 1 993 1994980
27775.36 1 993 17210
9814.63 1 993 2771189
14114.62 1 993 945818
11081.37 1 993 476097
21221.4 1 993 2287034
10989.49 1 993 976213
19790.44 1 993 825303
23472.07 1 993 1
12172.01 1 993 809868
14207.19 1 993 1129569
12230.77 1 993 1538979
11656.88 1 993 5285841
15281.73 1 993 119259
10512.01 1 993 1826926
13790.89 1 993 1
21.98 1 994 38246039
9.75 1 994 23616008
17.8 1 994 37035631
11.35 1 994 20363275
22.11 1 994 48142607
20.58 1 994 45510789
18.23 1 994 41727172
160.67 1 995 240227850
0.21 1 996 4291370
6034.5 0
