47 0.9 11592.36
44.45 5 2 53013502 3 60517074 4 50190916 5 63609468 6 47560918
28.3 5 7 64514218 8 62211154 9 56954770 10 69298438 11 55365498
5.48 1 12 26766225
11.18 1 13 31435696
9.13 1 14 24389558
5.82 1 15 32492630
4.22 1 16 24322099
11.17 1 17 31760803
8.67 1 18 30162704
8.72 1 19 29503201
11.09 1 20 35985276
5.68 1 21 27300524
1.23 1 22 31485732
1.45 1 23 19360124
1.89 1 24 28900068
1.71 1 25 20463079
1.58 1 26 17114895
2.24 1 27 22147101
2.59 1 28 18718589
2.4 1 29 16402200
1.68 1 30 32493521
1.82 1 31 38769832
3.37 1 32 7132142
2.54 1 33 5610313
3.57 1 34 6763955
3.1 1 35 4723551
3.17 1 36 3951099
3 1 37 5060722
2.45 1 38 5365544
2.36 1 39 4265916
5.23 1 40 7601867
5.51 1 41 9783058
4560.56 1 42 7752328
4488.47 1 42 6098166
3730.73 1 42 7352125
4700.76 1 42 5134294
4269.66 1 42 4294672
2701.07 1 43 5500784
3780.17 1 43 5832113
2322.34 1 43 4636865
6007.38 1 43 8262898
2946.16 1 43 10633758
13.12 1 44 28897721
15.02 1 44 32892847
25.53 1 45 58292988
0.05 1 46 793749
1633.96 0
