100 0.9 44809.875
34.75 24 1 10000151 2 9839168 3 10978017 4 9157455 5 8301394 6 11501637 7 5778890 8 9808718 9 13762219 10 8119148 11 11779594 12 9917603 13 3992794 14 7377438 15 21337820 16 9580355 17 4043586 18 15486347 19 3980517 20 12343158 21 17893018 22 5240501 23 8843218 24 5905229
1.1 1 25 5029052
1.41 1 26 4697919
1.4 1 27 5754656
0.94 1 28 4783471
0.83 1 29 4104446
1.06 1 30 5945419
0.51 1 31 2886268
1.37 1 32 4934631
1.9 1 33 6899515
0.84 1 34 3938375
1.06 1 35 5983348
1.45 1 36 5132883
0.53 1 37 2078101
1 1 38 3600467
2.36 1 39 10809499
1.02 1 40 4886871
0.45 1 41 2094118
1.23 1 42 7606608
0.41 1 43 2086576
1.08 1 44 6335995
3.26 1 45 8511643
0.5 1 46 2742329
0.95 1 47 4561796
0.57 1 48 3009433
0.57 1 49 4274007
0.26 1 50 4135379
0.4 1 51 3447729
0.42 1 52 5025458
0.27 1 53 2581947
0.38 1 54 3417515
0.13 1 55 2264879
0.34 1 56 3682859
0.46 1 57 6626159
0.3 1 58 4215607
0.43 1 59 4445741
0.36 1 60 3158171
0.18 1 61 1378674
0.24 1 62 2182546
0.73 1 63 10051350
0.35 1 64 3406402
0.24 1 65 1466609
0.38 1 66 4294239
0.13 1 67 1763049
0.69 1 68 4464001
0.53 1 69 11558959
0.15 1 70 2356177
0.33 1 71 4481457
0.22 1 72 2239230
0.88 1 73 1026596
0.55 1 74 1030591
0.42 1 75 830621
0.96 1 76 996426
0.26 1 77 684915
0.48 1 78 816684
0.42 1 79 691546
0.6 1 80 914862
1.02 1 81 1426206
0.8 1 82 988955
0.67 1 83 1027764
0.41 1 84 725432
0.2 1 85 288629
0.41 1 86 406202
1.29 1 87 2244124
0.43 1 88 830606
0.21 1 89 365008
0.57 1 90 1111374
0.28 1 91 417622
0.82 1 92 1075654
1.99 1 93 3223136
0.3 1 94 509670
0.74 1 95 1084902
0.25 1 96 545816
13132.42 1 97 1115865
16543.14 1 97 1120207
19949.8 1 97 902848
18058.05 1 97 1083071
20347.15 1 97 744472
14667.5 1 97 887700
23571.49 1 97 751680
18115.69 1 97 994415
13362.08 1 97 1550223
19854.08 1 97 1074951
13508.75 1 97 1117134
11553.88 1 97 788513
14189.02 1 97 313727
19348.23 1 97 441523
13683.86 1 97 2439265
10238.56 1 97 902832
21339.39 1 97 396747
14142.3 1 97 1208015
17499.21 1 97 453936
16134.19 1 97 1169189
15513.08 1 97 3503408
23456.09 1 97 553989
15840.58 1 97 1179241
13000.28 1 97 593278
10.92 1 98 23854933
0.02 1 99 422973
6255.01 0
