97 0.9 6712.4529
0.0593 1 30 1
1.277 1 0 81221
1.3077 1 0 66854
1.1404 1 0 121884
1.5321 1 0 109575
0.9449 1 0 64225
1.4069 1 0 72304
1.2235 1 0 118367
0.976 1 0 55487
0.8781 1 0 127541
1.3846 1 0 108555
0.9679 1 0 58006
1.8134 1 0 96496
1.5914 1 0 117336
1.1709 1 0 127990
1.0411 1 0 126931
1.8115 1 0 57884
1.2349 1 0 59068
0.897 1 0 118617
1.3905 1 0 70733
1854.7951 1 24 1
38.8041 1 24 1
49.9864 1 24 1
1956.0691 1 24 1
454.4583 6 25 1 26 1 27 1 28 1 29 1 30 1
1.4998 1 28 1
5.9623 1 30 1
1252.3269 1 30 1
33 1 30 1
5.697 1 30 1
1.2492 0
0.0683 1 61 1
1.6217 1 31 81480
1.2996 1 31 91353
1.0208 1 31 128057
1.1893 1 31 106238
1.4297 1 31 136548
1.5486 1 31 93817
1.2723 1 31 112253
1.3049 1 31 133764
1.28 1 31 108128
1.2845 1 31 48608
1.3355 1 31 133965
1.2456 1 31 92954
1.6055 1 31 87630
1.4827 1 31 87630
1.2807 1 31 49622
1.346 1 31 96642
1.4413 1 31 66435
1.3476 1 31 125999
1.3991 1 31 113219
1454.5924 1 55 1
33.907 1 55 1
62.0108 1 55 1
2801.1641 1 55 1
354.5656 6 56 1 57 1 58 1 59 1 60 1 61 1
1.2725 1 59 1
5.2745 1 61 1
1317.7791 1 61 1
33 1 61 1
2.7165 1 61 1
1.4598 0
0.1062 3 30 1759074 61 1894342 96 1884946
1.398 1 62 67689
0.9796 1 62 84577
1.2127 1 62 110236
1.4891 1 62 63123
1.0685 1 62 84641
1.5288 1 62 72771
1.1773 1 62 99164
1.4954 1 62 65579
1.5671 1 62 118213
1.2524 1 62 50637
1.2844 1 62 94252
1.4293 1 62 128217
1.5119 1 62 94458
1.4849 1 62 94562
0.7694 1 62 95178
0.9705 1 62 112916
0.9053 1 62 67357
1.3012 1 62 73688
0.9364 1 62 80270
1.5004 1 62 46313
0.7467 1 62 67243
0.9178 1 62 50867
1.221 1 62 62995
1419.867 3 24 7128312 55 6241208 90 6462275
23.8404 3 24 310 55 310 90 310
54.8072 3 24 96 55 95 90 97
2180.2799 3 24 4744921 55 5772544 90 5239533
523.1233 18 25 81659 26 81274 27 84508 28 88856 29 82098 30 339787 56 88409 57 85260 58 82206 59 81665 60 84825 61 339982 91 78606 92 86787 93 84353 94 83647 95 82339 96 327215
1.7182 3 28 911718 59 701519 94 633122
4.1919 3 30 545 61 543 96 544
1333.7564 3 30 170221 61 180318 96 181372
33 3 30 1105559 61 984828 96 610721
3.8975 3 30 985981 61 785271 96 624253
1.5533 0
