58 0.9 6959.58405
0.0936 1 27 1
1.1542 1 0 134073
1.0463 1 0 133036
1.7346 1 0 90295
1.1928 1 0 86740
1.1892 1 0 130110
1.4828 1 0 68668
0.8304 1 0 96980
1.1605 1 0 83901
1.2886 1 0 94439
1.2721 1 0 84604
1.6749 1 0 57387
1.114 1 0 94089
1.0822 1 0 81284
1.2907 1 0 98631
1.5323 1 0 125224
1.3743 1 0 93281
1263.0277 1 21 1
39.4019 1 21 1
44.7151 1 21 1
3027.6446 1 21 1
301.6182 6 22 1 23 1 24 1 25 1 26 1 27 1
1.4151 1 25 1
4.9978 1 27 1
1308.5071 1 27 1
33 1 27 1
6.1399 1 27 1
1.9528 0
0.0611 2 27 1552742 57 1727898
1.0184 1 28 136742
1.4262 1 28 135262
1.248 1 28 112731
1.5228 1 28 52280
1.5227 1 28 136816
0.7089 1 28 56435
1.2302 1 28 51273
1.7966 1 28 135828
1.7118 1 28 63438
1.7762 1 28 62841
1.0754 1 28 54943
1.6234 1 28 125085
1.3086 1 28 123538
0.7406 1 28 72884
1.1537 1 28 121590
1.055 1 28 101591
1.387 1 28 94060
1.457 1 28 90561
1809.2612 2 21 3758805 51 5137423
24.3132 2 21 310 51 310
32.6174 2 21 96 51 96
2064.7487 2 21 2808969 51 4432263
204.8323 12 22 87292 23 82737 24 87713 25 86161 26 84236 27 349887 52 78953 53 80119 54 87439 55 82807 56 78395 57 369624
1.1505 2 25 687097 55 771033
5.1551 2 27 544 57 544
1408.9124 2 27 175181 57 191764
33 2 27 668696 57 1071613
6.1832 2 27 421281 57 619046
1.9839 0
