44
CyberShake_100.txt 102 48 24.7613 0.977733 9.90452 51551.8 0.999903
CyberShake_50.txt 52 23 28.4979 0.973663 11.3992 30493.5 0.999943
Epigenomics_100.txt 102 24 3240.18 0.978925 1296.07 9.298e+006 0.98265
Epigenomics_24.txt 26 5 605.344 0.950037 242.138 408433 0.999231
Epigenomics_46.txt 49 5 838.237 0.990792 335.295 954273 0.998205
Inspiral_100.txt 102 11 144.557 0.955529 57.8227 484583 0.999088
Inspiral_1000.txt 1002 40 153.302 0.951542 61.3209 5.24834e+006 0.99017
Inspiral_30.txt 32 7 144.819 0.994182 57.9277 152517 0.999713
Inspiral_50.txt 52 12 153.021 0.951679 61.2085 271102 0.99949
Montage_100.txt 102 62 7.67059 0.955651 3.06824 24877.8 0.999953
Montage_1000.txt 1002 662 39.9647 0.964074 15.9859 262268 0.999506
Montage_25.txt 27 9 5.04467 0.98424 2.01787 5249.43 0.99999
Montage_50.txt 52 28 6.04796 0.963132 2.41919 11723.7 0.999978
Sipht_100.txt 99 23 485.374 0.958028 194.15 400587 0.999246
Sipht_1000.txt 970 32 576.505 0.980248 230.602 4.00312e+006 0.992493
Sipht_30.txt 31 17 478.21 0.984751 191.284 127841 0.999759
Sipht_60.txt 60 18 503.244 0.966059 201.298 268958 0.999494
avianflu_large.txt 2004 2000 234.283 0.969057 93.7131 1.49292e+008 0.969084
avianflu_medium.txt 1004 1000 234.283 0.980709 93.7131 7.26627e+007 0.980738
avianflu_small.txt 104 100 234.283 0.974972 93.7131 4.15713e+006 0.992205
cadsr.txt 6 2 2.16928 0.97096 0.867714 460.982 0.999999
floodplain.txt 9 2 12690.3 0.981092 5076.12 3.69246e+006 0.993074
gene2life.txt 10 2 58.5707 0.951926 23.4283 24893 0.999953
glimmer.txt 6 1 10.6295 0.98137 4.2518 2258.81 0.999996
leadadas.txt 8 3 540.803 0.951984 216.321 123912 0.999767
leaddm..txt 5 1 24.9468 0.992777 9.97871 5301.29 0.99999
leaddm.txt 5 1 24.9468 0.969904 9.97871 5301.29 0.99999
leadmm..txt 8 3 540.803 0.974335 216.321 120408 0.999773
leadmm.txt 8 3 540.803 0.989148 216.321 120408 0.999773
mcstas.txt 5 1 483794 0.959802 193518 2.05616e+008 0.970759
mememast.txt 4 1 13.0157 0.96161 5.20628 2765.89 0.999995
molsci.txt 7 2 110.633 0.960649 44.2534 30424.8 0.999943
motif_large.txt 505 500 985.94 0.955088 394.376 1.0024e+008 0.955103
motif_medium.txt 140 135 985.94 0.969592 394.376 1.74707e+007 0.969775
motif_small.txt 15 10 985.94 0.995642 394.376 1.3297e+006 0.9975
psload_large.txt 5086 1000 5.42321 0.972588 2.16928 2.36253e+006 0.995563
psload_medium.txt 491 100 5.42321 0.960223 2.16928 222424 0.999581
psload_small.txt 6 1 5.42321 0.970641 2.16928 1152.45 0.999998
psmerge_medium.txt 843 195 1600.93 0.980186 640.373 4.03018e+008 0.980343
psmerge_small.txt 82 77 1600.93 0.958653 640.373 1.92589e+007 0.964398
scoop_large..txt 103 100 97.7263 0.984008 39.0905 2.07444e+006 0.996103
scoop_large.txt 103 100 97.7263 0.995948 39.0905 2.07444e+006 0.996103
scoop_medium.txt 53 50 97.7263 0.991699 39.0905 1.03723e+006 0.99805
scoop_small.txt 8 5 97.7263 0.987291 39.0905 103744 0.999805
