44
CyberShake_100.txt 102 48 13.8663 0.987881 9.90452 51551.8 0.999903
CyberShake_50.txt 52 23 15.9588 0.980469 11.3992 30493.5 0.999943
Epigenomics_100.txt 102 24 1814.5 0.985067 1296.07 1.0857e+007 0.985537
Epigenomics_24.txt 26 5 338.993 0.953898 242.138 408433 0.999231
Epigenomics_46.txt 49 5 469.413 0.977329 335.295 954273 0.998205
Inspiral_100.txt 102 11 80.9518 0.958835 57.8227 484583 0.999088
Inspiral_1000.txt 1002 40 85.8492 0.966073 61.3209 5.24834e+006 0.99017
Inspiral_30.txt 32 7 81.0988 0.977154 57.9277 152517 0.999713
Inspiral_50.txt 52 12 85.6919 0.96939 61.2085 271102 0.99949
Montage_100.txt 102 62 4.29553 0.962201 3.06824 24877.8 0.999953
Montage_1000.txt 1002 662 22.3802 0.95582 15.9859 262268 0.999506
Montage_25.txt 27 9 2.82502 0.977441 2.01787 5249.43 0.99999
Montage_50.txt 52 28 3.38686 0.999795 2.41919 11723.7 0.999978
Sipht_100.txt 99 23 271.809 0.961594 194.15 400587 0.999246
Sipht_1000.txt 970 32 322.843 0.971819 230.602 4.00312e+006 0.992493
Sipht_30.txt 31 17 267.798 0.966659 191.284 127841 0.999759
Sipht_60.txt 60 18 281.817 0.998095 201.298 268958 0.999494
avianflu_large.txt 2004 2000 131.198 0.972164 93.7131 1.50993e+008 0.972192
avianflu_medium.txt 1004 1000 131.198 0.953946 93.7131 5.79758e+007 0.953998
avianflu_small.txt 104 100 131.198 0.973475 93.7131 4.15713e+006 0.992205
cadsr.txt 6 2 1.2148 0.974207 0.867714 460.982 0.999999
floodplain.txt 9 2 7106.57 0.969509 5076.12 3.69246e+006 0.993074
gene2life.txt 10 2 32.7996 0.987958 23.4283 24893 0.999953
glimmer.txt 6 1 5.95252 0.983227 4.2518 2258.81 0.999996
leadadas.txt 8 3 302.849 0.962136 216.321 123912 0.999767
leaddm..txt 5 1 13.9702 0.954464 9.97871 5301.29 0.99999
leaddm.txt 5 1 13.9702 0.966377 9.97871 5301.29 0.99999
leadmm..txt 8 3 302.849 0.99353 216.321 120408 0.999773
leadmm.txt 8 3 302.849 0.984061 216.321 120408 0.999773
mcstas.txt 5 1 270925 0.96471 193518 2.05616e+008 0.970759
mememast.txt 4 1 7.28879 0.960145 5.20628 2765.89 0.999995
molsci.txt 7 2 61.9548 0.97132 44.2534 30424.8 0.999943
motif_large.txt 505 500 552.126 0.950624 394.376 9.77507e+007 0.950639
motif_medium.txt 140 135 552.126 0.989117 394.376 2.80503e+007 0.989276
motif_small.txt 15 10 552.126 0.964782 394.376 1.3297e+006 0.9975
psload_large.txt 5086 1000 3.037 0.955952 2.16928 2.36253e+006 0.995563
psload_medium.txt 491 100 3.037 0.995438 2.16928 222424 0.999581
psload_small.txt 6 1 3.037 0.970096 2.16928 1152.45 0.999998
psmerge_medium.txt 843 195 896.522 0.997582 640.373 4.12477e+008 0.997947
psmerge_small.txt 82 77 896.522 0.99591 640.373 3.65263e+007 0.996243
scoop_large..txt 103 100 54.7267 0.97829 39.0905 2.07444e+006 0.996103
scoop_large.txt 103 100 54.7267 0.989211 39.0905 2.07444e+006 0.996103
scoop_medium.txt 53 50 54.7267 0.980793 39.0905 1.03723e+006 0.99805
scoop_small.txt 8 5 54.7267 0.995641 39.0905 103744 0.999805
