44
CyberShake_100.txt 102 48 10.895 0.963483 9.90452 51551.8 0.999903
CyberShake_50.txt 52 23 12.5391 0.998998 11.3992 30493.5 0.999943
Epigenomics_100.txt 102 24 1425.68 0.972406 1296.07 9.298e+006 0.98265
Epigenomics_24.txt 26 5 266.351 0.986295 242.138 408433 0.999231
Epigenomics_46.txt 49 5 368.824 0.969552 335.295 954273 0.998205
Inspiral_100.txt 102 11 63.605 0.980422 57.8227 484583 0.999088
Inspiral_1000.txt 1002 40 67.453 0.990786 61.3209 5.57986e+006 0.990788
Inspiral_30.txt 32 7 63.7205 0.951561 57.9277 152517 0.999713
Inspiral_50.txt 52 12 67.3294 0.993158 61.2085 271102 0.99949
Montage_100.txt 102 62 3.37506 0.951933 3.06824 24877.8 0.999953
Montage_1000.txt 1002 662 17.5845 0.966248 15.9859 262268 0.999506
Montage_25.txt 27 9 2.21965 0.962866 2.01787 5249.43 0.99999
Montage_50.txt 52 28 2.6611 0.957131 2.41919 11723.7 0.999978
Sipht_100.txt 99 23 213.565 0.990247 194.15 400587 0.999246
Sipht_1000.txt 970 32 253.662 0.960331 230.602 4.00312e+006 0.992493
Sipht_30.txt 31 17 210.413 0.973282 191.284 127841 0.999759
Sipht_60.txt 60 18 221.427 0.9683 201.298 268958 0.999494
avianflu_large.txt 2004 2000 103.084 0.990407 93.7131 1.60867e+008 0.990429
avianflu_medium.txt 1004 1000 103.084 0.987453 93.7131 7.63137e+007 0.9875
avianflu_small.txt 104 100 103.084 0.995863 93.7131 6.11538e+006 0.995869
cadsr.txt 6 2 0.954485 0.95786 0.867714 460.982 0.999999
floodplain.txt 9 2 5583.74 0.991759 5076.12 3.69246e+006 0.993074
gene2life.txt 10 2 25.7711 0.980654 23.4283 24893 0.999953
glimmer.txt 6 1 4.67698 0.986379 4.2518 2258.81 0.999996
leadadas.txt 8 3 237.953 0.953129 216.321 123912 0.999767
leaddm..txt 5 1 10.9766 0.977049 9.97871 5301.29 0.99999
leaddm.txt 5 1 10.9766 0.969451 9.97871 5301.29 0.99999
leadmm..txt 8 3 237.953 0.956125 216.321 120408 0.999773
leadmm.txt 8 3 237.953 0.975788 216.321 120408 0.999773
mcstas.txt 5 1 212869 0.958702 193518 2.05616e+008 0.970759
mememast.txt 4 1 5.72691 0.999227 5.20628 2765.89 0.999995
molsci.txt 7 2 48.6787 0.971084 44.2534 30424.8 0.999943
motif_large.txt 505 500 433.813 0.992887 394.376 1.20901e+008 0.992971
motif_medium.txt 140 135 433.813 0.979772 394.376 2.29472e+007 0.979821
motif_small.txt 15 10 433.813 0.966208 394.376 1.3297e+006 0.9975
psload_large.txt 5086 1000 2.38621 0.983813 2.16928 2.36253e+006 0.995563
psload_medium.txt 491 100 2.38621 0.963344 2.16928 222424 0.999581
psload_small.txt 6 1 2.38621 0.988154 2.16928 1152.45 0.999998
psmerge_medium.txt 843 195 704.41 0.971682 640.373 3.98537e+008 0.972113
psmerge_small.txt 82 77 704.41 0.978049 640.373 2.68181e+007 0.978212
scoop_large..txt 103 100 42.9996 0.970625 39.0905 2.07444e+006 0.996103
scoop_large.txt 103 100 42.9996 0.982621 39.0905 2.07444e+006 0.996103
scoop_medium.txt 53 50 42.9996 0.972992 39.0905 1.03723e+006 0.99805
scoop_small.txt 8 5 42.9996 0.976979 39.0905 103744 0.999805
