44
CyberShake_100.txt 102 48 14.8568 0.99 9.90452 51551.8 0.999903
CyberShake_50.txt 52 23 17.0987 0.99 11.3992 30493.5 0.999943
Epigenomics_100.txt 102 24 1944.11 0.99 1296.07 1.35694e+007 0.990578
Epigenomics_24.txt 26 5 363.207 0.99 242.138 408433 0.999231
Epigenomics_46.txt 49 5 502.942 0.99 335.295 954273 0.998205
Inspiral_100.txt 102 11 86.7341 0.99 57.8227 484583 0.999088
Inspiral_1000.txt 1002 40 91.9813 0.99 61.3209 5.24834e+006 0.99017
Inspiral_30.txt 32 7 86.8915 0.99 57.9277 152517 0.999713
Inspiral_50.txt 52 12 91.8128 0.99 61.2085 271102 0.99949
Montage_100.txt 102 62 4.60235 0.99 3.06824 24877.8 0.999953
Montage_1000.txt 1002 662 23.9788 0.99 15.9859 262268 0.999506
Montage_25.txt 27 9 3.0268 0.99 2.01787 5249.43 0.99999
Montage_50.txt 52 28 3.62878 0.99 2.41919 11723.7 0.999978
Sipht_100.txt 99 23 291.224 0.99 194.15 400587 0.999246
Sipht_1000.txt 970 32 345.903 0.99 230.602 4.00312e+006 0.992493
Sipht_30.txt 31 17 286.926 0.99 191.284 127841 0.999759
Sipht_60.txt 60 18 301.946 0.99 201.298 268958 0.999494
avianflu_large.txt 2004 2000 140.57 0.99 93.7131 1.60659e+008 0.990042
avianflu_medium.txt 1004 1000 140.57 0.99 93.7131 7.76828e+007 0.990048
avianflu_small.txt 104 100 140.57 0.99 93.7131 4.15713e+006 0.992205
cadsr.txt 6 2 1.30157 0.99 0.867714 460.982 0.999999
floodplain.txt 9 2 7614.19 0.99 5076.12 3.69246e+006 0.993074
gene2life.txt 10 2 35.1424 0.99 23.4283 24893 0.999953
glimmer.txt 6 1 6.3777 0.99 4.2518 2258.81 0.999996
leadadas.txt 8 3 324.482 0.99 216.321 123912 0.999767
leaddm..txt 5 1 14.9681 0.99 9.97871 5301.29 0.99999
leaddm.txt 5 1 14.9681 0.99 9.97871 5301.29 0.99999
leadmm..txt 8 3 324.482 0.99 216.321 120408 0.999773
leadmm.txt 8 3 324.482 0.99 216.321 120408 0.999773
mcstas.txt 5 1 290276 0.99 193518 2.05616e+008 0.970759
mememast.txt 4 1 7.80942 0.99 5.20628 2765.89 0.999995
molsci.txt 7 2 66.3801 0.99 44.2534 30424.8 0.999943
motif_large.txt 505 500 591.564 0.99 394.376 1.19408e+008 0.990183
motif_medium.txt 140 135 591.564 0.99 394.376 2.85481e+007 0.990203
motif_small.txt 15 10 591.564 0.99 394.376 1.3297e+006 0.9975
psload_large.txt 5086 1000 3.25393 0.99 2.16928 2.36253e+006 0.995563
psload_medium.txt 491 100 3.25393 0.99 2.16928 222424 0.999581
psload_small.txt 6 1 3.25393 0.99 2.16928 1152.45 0.999998
psmerge_medium.txt 843 195 960.559 0.99 640.373 4.08245e+008 0.990033
psmerge_small.txt 82 77 960.559 0.99 640.373 3.32902e+007 0.990196
scoop_large..txt 103 100 58.6358 0.99 39.0905 2.07444e+006 0.996103
scoop_large.txt 103 100 58.6358 0.99 39.0905 2.07444e+006 0.996103
scoop_medium.txt 53 50 58.6358 0.99 39.0905 1.03723e+006 0.99805
scoop_small.txt 8 5 58.6358 0.99 39.0905 103744 0.999805
