44
CyberShake_100.txt 102 48 10.5449 0.999238 9.90452 51551.8 0.999903
CyberShake_50.txt 52 23 13.9071 0.971779 11.3992 30493.5 0.999943
Epigenomics_100.txt 102 24 1730.2 0.980509 1296.07 9.298e+006 0.98265
Epigenomics_24.txt 26 5 355.688 0.977188 242.138 408433 0.999231
Epigenomics_46.txt 49 5 419.885 0.990211 335.295 954273 0.998205
Inspiral_100.txt 102 11 69.894 0.992684 57.8227 484583 0.999088
Inspiral_1000.txt 1002 40 81.0208 0.965563 61.3209 5.24834e+006 0.99017
Inspiral_30.txt 32 7 82.3354 0.999136 57.9277 152517 0.999713
Inspiral_50.txt 52 12 61.2413 0.976898 61.2085 271102 0.99949
Montage_100.txt 102 62 3.70908 0.99294 3.06824 24877.8 0.999953
Montage_1000.txt 1002 662 22.9523 0.968029 15.9859 262268 0.999506
Montage_25.txt 27 9 2.17938 0.956147 2.01787 5249.43 0.99999
Montage_50.txt 52 28 2.6031 0.996935 2.41919 11723.7 0.999978
Sipht_100.txt 99 23 248.134 0.963154 194.15 400587 0.999246
Sipht_1000.txt 970 32 313.7 0.982343 230.602 4.00312e+006 0.992493
Sipht_30.txt 31 17 207.029 0.999923 191.284 255682 1
Sipht_60.txt 60 18 244.79 0.98462 201.298 268958 0.999494
avianflu_large.txt 2004 2000 127.243 0.988087 93.7131 1.59622e+008 0.988112
avianflu_medium.txt 1004 1000 117.089 0.986775 93.7131 7.59403e+007 0.986807
avianflu_small.txt 104 100 124.233 0.990482 93.7131 4.15713e+006 0.992205
cadsr.txt 6 2 0.890288 0.990847 0.867714 460.982 0.999999
floodplain.txt 9 2 6975.05 0.987267 5076.12 3.69246e+006 0.993074
gene2life.txt 10 2 27.1874 0.991628 23.4283 24893 0.999953
glimmer.txt 6 1 4.56102 0.992714 4.2518 2258.81 0.999996
leadadas.txt 8 3 232.492 0.962015 216.321 123912 0.999767
leaddm..txt 5 1 13.024 0.952026 9.97871 5301.29 0.99999
leaddm.txt 5 1 12.148 0.999855 9.97871 5301.29 0.99999
leadmm..txt 8 3 232.155 0.960469 216.321 120408 0.999773
leadmm.txt 8 3 301.317 0.956672 216.321 120408 0.999773
mcstas.txt 5 1 225696 0.977396 193518 2.05616e+008 0.970759
mememast.txt 4 1 5.29132 0.966022 5.20628 2765.89 0.999995
molsci.txt 7 2 55.7936 0.993246 44.2534 30424.8 0.999943
motif_large.txt 505 500 557.838 0.992605 394.376 1.20777e+008 0.992738
motif_medium.txt 140 135 527.391 0.97954 394.376 2.28227e+007 0.979592
motif_small.txt 15 10 548.143 0.991956 394.376 1.3297e+006 0.9975
psload_large.txt 5086 1000 2.36694 0.95757 2.16928 2.36253e+006 0.995563
psload_medium.txt 491 100 3.11197 0.983658 2.16928 222424 0.999581
psload_small.txt 6 1 2.31887 0.998407 2.16928 1152.45 0.999998
psmerge_medium.txt 843 195 675.741 0.97674 640.373 4.01275e+008 0.977134
psmerge_small.txt 82 77 790.126 0.953826 640.373 1.92589e+007 0.964398
scoop_large..txt 103 100 41.9868 0.963584 39.0905 2.07444e+006 0.996103
scoop_large.txt 103 100 51.4142 0.978801 39.0905 2.07444e+006 0.996103
scoop_medium.txt 53 50 45.81 0.975519 39.0905 1.03723e+006 0.99805
scoop_small.txt 8 5 51.9838 0.979521 39.0905 103744 0.999805
