44
CyberShake_100.txt 102 48 11.8854 0.976756 9.90452 51551.8 0.999903
CyberShake_50.txt 52 23 13.679 0.990219 11.3992 30493.5 0.999943
Epigenomics_100.txt 102 24 1555.29 0.985336 1296.07 1.0857e+007 0.985537
Epigenomics_24.txt 26 5 290.565 0.981393 242.138 408433 0.999231
Epigenomics_46.txt 49 5 402.354 0.974304 335.295 954273 0.998205
Inspiral_100.txt 102 11 69.3872 0.971329 57.8227 484583 0.999088
Inspiral_1000.txt 1002 40 73.5851 0.967562 61.3209 5.24834e+006 0.99017
Inspiral_30.txt 32 7 69.5132 0.968804 57.9277 152517 0.999713
Inspiral_50.txt 52 12 73.4502 0.962721 61.2085 271102 0.99949
Montage_100.txt 102 62 3.68188 0.990529 3.06824 24877.8 0.999953
Montage_1000.txt 1002 662 19.1831 0.962393 15.9859 262268 0.999506
Montage_25.txt 27 9 2.42144 0.992643 2.01787 5249.43 0.99999
Montage_50.txt 52 28 2.90302 0.999451 2.41919 11723.7 0.999978
Sipht_100.txt 99 23 232.979 0.97243 194.15 400587 0.999246
Sipht_1000.txt 970 32 276.723 0.989912 230.602 4.00312e+006 0.992493
Sipht_30.txt 31 17 229.541 0.963522 191.284 127841 0.999759
Sipht_60.txt 60 18 241.557 0.971728 201.298 268958 0.999494
avianflu_large.txt 2004 2000 112.456 0.952852 93.7131 1.4033e+008 0.952876
avianflu_medium.txt 1004 1000 112.456 0.961092 93.7131 6.19172e+007 0.961102
avianflu_small.txt 104 100 112.456 0.992642 93.7131 4.41436e+006 0.992686
cadsr.txt 6 2 1.04126 0.99109 0.867714 460.982 0.999999
floodplain.txt 9 2 6091.35 0.974376 5076.12 3.69246e+006 0.993074
gene2life.txt 10 2 28.1139 0.971419 23.4283 24893 0.999953
glimmer.txt 6 1 5.10216 0.963978 4.2518 2258.81 0.999996
leadadas.txt 8 3 259.585 0.964953 216.321 123912 0.999767
leaddm..txt 5 1 11.9744 0.98865 9.97871 5301.29 0.99999
leaddm.txt 5 1 11.9744 0.996897 9.97871 5301.29 0.99999
leadmm..txt 8 3 259.585 0.97958 216.321 120408 0.999773
leadmm.txt 8 3 259.585 0.993177 216.321 120408 0.999773
mcstas.txt 5 1 232221 0.962557 193518 2.05616e+008 0.970759
mememast.txt 4 1 6.24754 0.953167 5.20628 2765.89 0.999995
molsci.txt 7 2 53.1041 0.982342 44.2534 30424.8 0.999943
motif_large.txt 505 500 473.251 0.986463 394.376 1.17416e+008 0.98648
motif_medium.txt 140 135 473.251 0.965019 394.376 1.68878e+007 0.968712
motif_small.txt 15 10 473.251 0.994605 394.376 1.3297e+006 0.9975
psload_large.txt 5086 1000 2.60314 0.991538 2.16928 2.36253e+006 0.995563
psload_medium.txt 491 100 2.60314 0.971772 2.16928 222424 0.999581
psload_small.txt 6 1 2.60314 0.956789 2.16928 1152.45 0.999998
psmerge_medium.txt 843 195 768.447 0.992366 640.373 4.09739e+008 0.992819
psmerge_small.txt 82 77 768.447 0.977363 640.373 2.65691e+007 0.977754
scoop_large..txt 103 100 46.9086 0.973801 39.0905 2.07444e+006 0.996103
scoop_large.txt 103 100 46.9086 0.983196 39.0905 2.07444e+006 0.996103
scoop_medium.txt 53 50 46.9086 0.992323 39.0905 1.03723e+006 0.99805
scoop_small.txt 8 5 46.9086 0.991851 39.0905 103744 0.999805
