44
CyberShake_100.txt 102 48 14.8568 0.95 14.8534 17080.9 0.950014
CyberShake_50.txt 52 23 17.0987 0.95 17.0703 13052.4 0.962681
Epigenomics_100.txt 102 24 1944.11 0.95 1902.41 5.24756e+006 0.950044
Epigenomics_24.txt 26 5 363.207 0.95 363.206 240796 0.981902
Epigenomics_46.txt 49 5 502.942 0.95 498.584 552057 0.950023
Inspiral_100.txt 102 11 86.7341 0.95 69.0222 479110 0.950112
Inspiral_1000.txt 1002 40 91.9813 0.95 75.0192 5.21439e+006 0.950255
Inspiral_30.txt 32 7 86.8915 0.95 86.8752 87410.8 0.960791
Inspiral_50.txt 52 12 91.8128 0.95 91.8103 149503 0.951002
Montage_100.txt 102 62 4.60235 0.95 4.60195 12987.1 0.957606
Montage_1000.txt 1002 662 23.9788 0.95 23.908 89858.7 0.95
Montage_25.txt 27 9 3.0268 0.95 3.02636 3573.43 0.99576
Montage_50.txt 52 28 3.62878 0.95 3.62777 6693.87 0.985869
Sipht_100.txt 99 23 291.224 0.95 276.39 260781 0.950391
Sipht_1000.txt 970 32 345.903 0.95 340.675 2.70843e+006 0.950014
Sipht_30.txt 31 17 286.926 0.95 268.022 84286.9 0.952416
Sipht_60.txt 60 18 301.946 0.95 285.512 176207 0.950266
avianflu_large.txt 2004 2000 140.57 0.95 93.7131 1.38754e+008 0.950053
avianflu_medium.txt 1004 1000 140.57 0.95 93.7131 5.57769e+007 0.950058
avianflu_small.txt 104 100 140.57 0.95 127.182 4.0988e+006 0.950607
cadsr.txt 6 2 1.30157 0.95 1.23959 357.099 0.999922
floodplain.txt 9 2 7614.19 0.95 7357.24 2.39886e+006 0.952098
gene2life.txt 10 2 35.1424 0.95 35.0355 18770.5 0.992905
glimmer.txt 6 1 6.3777 0.95 6.074 1749.78 0.999617
leadadas.txt 8 3 324.482 0.95 258.041 109256 0.957824
leaddm..txt 5 1 14.9681 0.95 14.2553 4106.64 0.999101
leaddm.txt 5 1 14.9681 0.95 14.2553 4106.64 0.999101
leadmm..txt 8 3 324.482 0.95 323.79 89649.8 0.968788
leadmm.txt 8 3 324.482 0.95 323.79 89649.8 0.968788
mcstas.txt 5 1 290276 0.95 193518 2.05616e+008 0.970759
mememast.txt 4 1 7.80942 0.95 7.43755 2142.59 0.999531
molsci.txt 7 2 66.3801 0.95 64.2725 25030.6 0.973704
motif_large.txt 505 500 591.564 0.95 394.376 9.75017e+007 0.950194
motif_medium.txt 140 135 591.564 0.95 591.301 1.12187e+007 0.950042
motif_small.txt 15 10 591.564 0.95 591.301 767629 0.995553
psload_large.txt 5086 1000 3.25393 0.95 3.25081 1.39508e+006 0.989362
psload_medium.txt 491 100 3.25393 0.95 3.25081 132008 0.998979
psload_small.txt 6 1 3.25393 0.95 3.18414 866.754 0.999824
psmerge_medium.txt 843 195 960.559 0.95 640.373 3.86339e+008 0.950058
psmerge_small.txt 82 77 960.559 0.95 895.408 1.91865e+007 0.95151
scoop_large..txt 103 100 58.6358 0.95 56.6487 2.00917e+006 0.950006
scoop_large.txt 103 100 58.6358 0.95 56.6487 2.00917e+006 0.950006
scoop_medium.txt 53 50 58.6358 0.95 56.6487 970645 0.95007
scoop_small.txt 8 5 58.6358 0.95 57.3582 80348.1 0.979805
