44
CyberShake_100.txt 102 48 14.8568 0.999 14.3808 44472.2 0.999025
CyberShake_50.txt 52 23 17.0987 0.999 17.0651 13243.9 0.999
Epigenomics_100.txt 102 24 1944.11 0.999 1296.07 1.8596e+007 0.999987
Epigenomics_24.txt 26 5 363.207 0.999 363.206 275123 0.999007
Epigenomics_46.txt 49 5 502.942 0.999 335.295 1.45316e+006 0.999143
Inspiral_100.txt 102 11 86.7341 0.999 69.0222 482017 0.999116
Inspiral_1000.txt 1002 40 91.9813 0.999 61.3209 9.96816e+006 0.999005
Inspiral_30.txt 32 7 86.8915 0.999 71.789 144631 0.999077
Inspiral_50.txt 52 12 91.8128 0.999 75.2582 265798 0.999066
Montage_100.txt 102 62 4.60235 0.999 4.60195 14445.6 0.999001
Montage_1000.txt 1002 662 23.9788 0.999 23.622 91526.2 0.999001
Montage_25.txt 27 9 3.0268 0.999 3.02636 3665.7 0.999043
Montage_50.txt 52 28 3.62878 0.999 3.62599 7253.03 0.999
Sipht_100.txt 99 23 291.224 0.999 278.784 293934 0.999029
Sipht_1000.txt 970 32 345.903 0.999 230.602 7.50577e+006 0.999058
Sipht_30.txt 31 17 286.926 0.999 268.022 84319.2 0.999177
Sipht_60.txt 60 18 301.946 0.999 284.515 197610 0.999005
avianflu_large.txt 2004 2000 140.57 0.999 93.7131 1.65472e+008 0.999051
avianflu_medium.txt 1004 1000 140.57 0.999 93.7131 8.24954e+007 0.999057
avianflu_small.txt 104 100 140.57 0.999 93.7131 7.8164e+006 0.999063
cadsr.txt 6 2 1.30157 0.999 1.23959 357.099 0.999922
floodplain.txt 9 2 7614.19 0.999 5076.12 7.38492e+006 0.99999
gene2life.txt 10 2 35.1424 0.999 35.0681 19178.2 0.999003
glimmer.txt 6 1 6.3777 0.999 6.074 1749.78 0.999617
leadadas.txt 8 3 324.482 0.999 244.199 116034 0.999024
leaddm..txt 5 1 14.9681 0.999 14.2553 4106.64 0.999101
leaddm.txt 5 1 14.9681 0.999 14.2553 4106.64 0.999101
leadmm..txt 8 3 324.482 0.999 238.614 114634 0.999082
leadmm.txt 8 3 324.482 0.999 238.614 114634 0.999082
mcstas.txt 5 1 290276 0.999 193518 2.05616e+008 0.970759
mememast.txt 4 1 7.80942 0.999 7.43755 2142.59 0.999531
molsci.txt 7 2 66.3801 0.999 59.6724 27010.8 0.999177
motif_large.txt 505 500 591.564 0.999 394.376 1.24137e+008 0.999036
motif_medium.txt 140 135 591.564 0.999 394.376 3.32778e+007 0.999056
motif_small.txt 15 10 591.564 0.999 394.376 2.16154e+006 0.999063
psload_large.txt 5086 1000 3.25393 0.999 2.16928 4.19401e+006 0.999001
psload_medium.txt 491 100 3.25393 0.999 3.25081 132053 0.999
psload_small.txt 6 1 3.25393 0.999 3.18414 866.754 0.999824
psmerge_medium.txt 843 195 960.559 0.999 640.373 4.13224e+008 0.99935
psmerge_small.txt 82 77 960.559 0.999 640.373 3.80199e+007 0.999047
scoop_large..txt 103 100 58.6358 0.999 39.0905 3.63028e+006 0.999024
scoop_large.txt 103 100 58.6358 0.999 39.0905 3.63028e+006 0.999024
scoop_medium.txt 53 50 58.6358 0.999 39.0905 1.55586e+006 0.999024
scoop_small.txt 8 5 58.6358 0.999 42.4378 102603 0.999087
