44
CyberShake_100.txt 102 48 1e+009 0.95 236.985 2607.29 0.95
CyberShake_50.txt 52 23 1e+009 0.95 274.7 1556.67 0.95
Epigenomics_100.txt 102 24 1e+009 0.95 18717 8.27272e+006 0.951224
Epigenomics_24.txt 26 5 1e+009 0.95 372.133 404482 0.950103
Epigenomics_46.txt 49 5 1e+009 0.95 378.192 950407 0.950018
Inspiral_100.txt 102 11 1e+009 0.95 629.897 460769 0.950976
Inspiral_1000.txt 1002 40 1e+009 0.95 584.565 5.1427e+006 0.950116
Inspiral_30.txt 32 7 1e+009 0.95 1159.23 61902.9 0.952384
Inspiral_50.txt 52 12 1e+009 0.95 1223.19 129191 0.95105
Montage_100.txt 102 62 1e+009 0.95 53.8045 3060.59 0.951081
Montage_1000.txt 1002 662 1e+009 0.95 91.1258 58569.6 0.950004
Montage_25.txt 27 9 1e+009 0.95 46.1806 708.695 0.985236
Montage_50.txt 52 28 1e+009 0.95 58.0153 913.417 0.950284
Sipht_100.txt 99 23 1e+009 0.95 2501.54 128821 0.952516
Sipht_1000.txt 970 32 1e+009 0.95 3105.78 1.48703e+006 0.950022
Sipht_30.txt 31 17 1e+009 0.95 3652.4 7658.81 0.950024
Sipht_60.txt 60 18 1e+009 0.95 2943.69 80256 0.951878
avianflu_large.txt 2004 2000 1e+009 0.95 93.7131 1.38754e+008 0.950053
avianflu_medium.txt 1004 1000 1e+009 0.95 93.7131 5.57769e+007 0.950058
avianflu_small.txt 104 100 1e+009 0.95 1922.17 227915 0.950206
cadsr.txt 6 2 1e+009 0.95 29.1533 17.6993 0.957922
floodplain.txt 9 2 1e+009 0.95 68794.7 1.78862e+006 0.960284
gene2life.txt 10 2 1e+009 0.95 484.461 1313.09 0.950426
glimmer.txt 6 1 1e+009 0.95 111.699 106.667 0.961505
leadadas.txt 8 3 1e+009 0.95 3965.95 6780.02 0.957641
leaddm..txt 5 1 1e+009 0.95 253.222 256.058 0.957908
leaddm.txt 5 1 1e+009 0.95 253.222 256.058 0.957908
leadmm..txt 8 3 1e+009 0.95 3959.08 6604.63 0.958153
leadmm.txt 8 3 1e+009 0.95 3959.08 6604.63 0.958153
mcstas.txt 5 1 1e+009 0.95 193518 2.05616e+008 0.970759
mememast.txt 4 1 1e+009 0.95 132.116 133.595 0.977813
molsci.txt 7 2 1e+009 0.95 912.515 1581.55 0.955727
motif_large.txt 505 500 1e+009 0.95 394.376 9.75017e+007 0.950194
motif_medium.txt 140 135 1e+009 0.95 4874.21 1.64239e+007 0.955402
motif_small.txt 15 10 1e+009 0.95 7112.87 73866.6 0.950177
psload_large.txt 5086 1000 1e+009 0.95 33.2126 2.2417e+006 0.950021
psload_medium.txt 491 100 1e+009 0.95 33.6438 210843 0.950193
psload_small.txt 6 1 1e+009 0.95 59.8043 52.6203 0.965109
psmerge_medium.txt 843 195 1e+009 0.95 640.373 3.86339e+008 0.950058
psmerge_small.txt 82 77 1e+009 0.95 8852.31 1.87977e+007 0.957137
scoop_large..txt 103 100 1e+009 0.95 781.354 110805 0.950088
scoop_large.txt 103 100 1e+009 0.95 781.354 110805 0.950088
scoop_medium.txt 53 50 1e+009 0.95 781.976 56151.2 0.952177
scoop_small.txt 8 5 1e+009 0.95 781.976 5190.46 0.959039
