44
CyberShake_100.txt 102 48 11.8854 0.99 11.6643 36376.5 0.990007
CyberShake_50.txt 52 23 13.679 0.99 13.6736 15975.4 0.99
Epigenomics_100.txt 102 24 1555.29 0.99 1296.07 1.35694e+007 0.990578
Epigenomics_24.txt 26 5 290.565 0.99 290.525 336128 0.991192
Epigenomics_46.txt 49 5 402.354 0.99 401.752 794567 0.99
Inspiral_100.txt 102 11 69.3872 0.99 61.1988 449188 0.991025
Inspiral_1000.txt 1002 40 73.5851 0.99 65.9736 5.37755e+006 0.990417
Inspiral_30.txt 32 7 69.5132 0.99 69.2942 132141 0.990718
Inspiral_50.txt 52 12 73.4502 0.99 65.804 264805 0.990017
Montage_100.txt 102 62 3.68188 0.99 3.68137 16296.2 0.998877
Montage_1000.txt 1002 662 19.1831 0.99 19.177 220684 0.990022
Montage_25.txt 27 9 2.42144 0.99 2.42097 4144.02 0.999657
Montage_50.txt 52 28 2.90302 0.99 2.90281 8326.35 0.996358
Sipht_100.txt 99 23 232.979 0.99 228.658 349910 0.990219
Sipht_1000.txt 970 32 276.723 0.99 270.235 4.30073e+006 0.990387
Sipht_30.txt 31 17 229.541 0.99 226.139 102276 0.990065
Sipht_60.txt 60 18 241.557 0.99 238.121 203139 0.990001
avianflu_large.txt 2004 2000 112.456 0.99 93.7131 1.60659e+008 0.990042
avianflu_medium.txt 1004 1000 112.456 0.99 93.7131 7.76828e+007 0.990048
avianflu_small.txt 104 100 112.456 0.99 98.2926 4.15266e+006 0.990098
cadsr.txt 6 2 1.04126 0.99 1.01483 403.115 0.999575
floodplain.txt 9 2 6091.35 0.99 5948.85 3.00492e+006 0.990724
gene2life.txt 10 2 28.1139 0.99 27.9579 21763.4 0.991994
glimmer.txt 6 1 5.10216 0.99 4.72455 2034.81 0.999463
leadadas.txt 8 3 259.585 0.99 248.803 110589 0.994534
leaddm..txt 5 1 11.9744 0.99 11.0634 4781.51 0.998894
leaddm.txt 5 1 11.9744 0.99 11.0634 4781.51 0.998894
leadmm..txt 8 3 259.585 0.99 241.967 109154 0.991644
leadmm.txt 8 3 259.585 0.99 241.967 109154 0.991644
mcstas.txt 5 1 232221 0.99 193518 2.05616e+008 0.970759
mememast.txt 4 1 6.24754 0.99 5.77223 2494.7 0.999423
molsci.txt 7 2 53.1041 0.99 52.9948 28607.8 0.998452
motif_large.txt 505 500 473.251 0.99 394.376 1.19408e+008 0.990183
motif_medium.txt 140 135 473.251 0.99 394.376 2.85481e+007 0.990203
motif_small.txt 15 10 473.251 0.99 457.538 1.31496e+006 0.990645
psload_large.txt 5086 1000 2.60314 0.99 2.55818 2.29597e+006 0.99
psload_medium.txt 491 100 2.60314 0.99 2.59966 211524 0.99
psload_small.txt 6 1 2.60314 0.99 2.55965 998.794 0.999783
psmerge_medium.txt 843 195 768.447 0.99 640.373 4.08245e+008 0.990033
psmerge_small.txt 82 77 768.447 0.99 640.373 3.32902e+007 0.990196
scoop_large..txt 103 100 46.9086 0.99 44.3927 2.06903e+006 0.990073
scoop_large.txt 103 100 46.9086 0.99 44.3927 2.06903e+006 0.990073
scoop_medium.txt 53 50 46.9086 0.99 44.1589 1.02735e+006 0.990077
scoop_small.txt 8 5 46.9086 0.99 44.3927 97416.8 0.990025
