44
CyberShake_100.txt 102 48 24.7613 0.977733 24.73 13383.8 0.977733
CyberShake_50.txt 52 23 28.4979 0.973663 28.4916 10964.7 0.973664
Epigenomics_100.txt 102 24 3240.18 0.978925 3237.24 3.35114e+006 0.97926
Epigenomics_24.txt 26 5 605.344 0.950037 605.335 154483 0.95069
Epigenomics_46.txt 49 5 838.237 0.990792 792.048 700653 0.990994
Inspiral_100.txt 102 11 144.557 0.955529 128.924 294614 0.955554
Inspiral_1000.txt 1002 40 153.302 0.951542 97.0794 4.89427e+006 0.951731
Inspiral_30.txt 32 7 144.819 0.994182 101.676 142376 0.995045
Inspiral_50.txt 52 12 153.021 0.951679 148.258 174519 0.952741
Montage_100.txt 102 62 7.67059 0.955651 7.6701 9067.6 0.984336
Montage_1000.txt 1002 662 39.9647 0.964074 39.9576 33943.5 0.964086
Montage_25.txt 27 9 5.04467 0.98424 5.04418 1992.84 0.998967
Montage_50.txt 52 28 6.04796 0.963132 6.04783 4541.24 0.99552
Sipht_100.txt 99 23 485.374 0.958028 408.699 200800 0.958198
Sipht_1000.txt 970 32 576.505 0.980248 476.067 2.16833e+006 0.980341
Sipht_30.txt 31 17 478.21 0.984751 407.058 70850.4 0.995532
Sipht_60.txt 60 18 503.244 0.966059 441.871 131405 0.966229
avianflu_large.txt 2004 2000 234.283 0.969057 93.7131 1.49292e+008 0.969084
avianflu_medium.txt 1004 1000 234.283 0.980709 93.7131 7.26627e+007 0.980738
avianflu_small.txt 104 100 234.283 0.974972 229.929 1.79353e+006 0.975054
cadsr.txt 6 2 2.16928 0.97096 2.1509 193.201 0.999841
floodplain.txt 9 2 12690.3 0.981092 10842.3 1.75144e+006 0.984415
gene2life.txt 10 2 58.5707 0.951926 58.4713 10392.3 0.988442
glimmer.txt 6 1 10.6295 0.98137 10.3331 956.794 0.999373
leadadas.txt 8 3 540.803 0.951984 503.9 54924.3 0.983251
leaddm..txt 5 1 24.9468 0.992777 24.5202 2232.38 0.998369
leaddm.txt 5 1 24.9468 0.969904 24.5202 2232.38 0.998369
leadmm..txt 8 3 540.803 0.974335 485.441 54192.4 0.984266
leadmm.txt 8 3 540.803 0.989148 483.539 54193.7 0.994622
mcstas.txt 5 1 483794 0.959802 193518 2.05616e+008 0.970759
mememast.txt 4 1 13.0157 0.96161 12.9054 1159.21 0.999044
molsci.txt 7 2 110.633 0.960649 110.624 13712.2 0.993013
motif_large.txt 505 500 985.94 0.955088 394.376 1.0024e+008 0.955103
motif_medium.txt 140 135 985.94 0.969592 394.376 1.74707e+007 0.969775
motif_small.txt 15 10 985.94 0.995642 975.529 616194 0.995722
psload_large.txt 5086 1000 5.42321 0.972588 4.86072 2.35238e+006 0.972602
psload_medium.txt 491 100 5.42321 0.960223 4.86072 171395 0.960236
psload_small.txt 6 1 5.42321 0.970641 5.37995 481.144 0.99969
psmerge_medium.txt 843 195 1600.93 0.980186 640.373 4.03018e+008 0.980343
psmerge_small.txt 82 77 1600.93 0.958653 1501.92 8.70406e+006 0.95909
scoop_large..txt 103 100 97.7263 0.984008 95.6821 953807 0.984013
scoop_large.txt 103 100 97.7263 0.995948 95.6821 944201 0.995978
scoop_medium.txt 53 50 97.7263 0.991699 95.6821 476756 0.991724
scoop_small.txt 8 5 97.7263 0.987291 95.916 46657 0.98896
