44
CyberShake_100.txt 102 48 1e+009 0.99 198.46 2581.64 0.99
CyberShake_50.txt 52 23 1e+009 0.99 228.06 1530.57 0.99
Epigenomics_100.txt 102 24 1e+009 0.99 1296.07 1.35694e+007 0.990578
Epigenomics_24.txt 26 5 1e+009 0.99 3352.71 316015 0.996165
Epigenomics_46.txt 49 5 1e+009 0.99 372.013 950402 0.99001
Inspiral_100.txt 102 11 1e+009 0.99 569.347 460839 0.993211
Inspiral_1000.txt 1002 40 1e+009 0.99 586.14 5.17783e+006 0.99026
Inspiral_30.txt 32 7 1e+009 0.99 570.224 122131 0.992072
Inspiral_50.txt 52 12 1e+009 0.99 642.305 251298 0.991275
Montage_100.txt 102 62 1e+009 0.99 69.6934 1245.06 0.99
Montage_1000.txt 1002 662 1e+009 0.99 84.444 58384.9 0.990018
Montage_25.txt 27 9 1e+009 0.99 48.6093 258.992 0.99
Montage_50.txt 52 28 1e+009 0.99 57.4903 592.458 0.99
Sipht_100.txt 99 23 1e+009 0.99 2259.96 129512 0.990701
Sipht_1000.txt 970 32 1e+009 0.99 3105.78 1.48574e+006 0.990023
Sipht_30.txt 31 17 1e+009 0.99 2402.08 40171.6 0.993003
Sipht_60.txt 60 18 1e+009 0.99 2682.58 80707.8 0.990191
avianflu_large.txt 2004 2000 1e+009 0.99 93.7131 1.60659e+008 0.990042
avianflu_medium.txt 1004 1000 1e+009 0.99 93.7131 7.76828e+007 0.990048
avianflu_small.txt 104 100 1e+009 0.99 1852.26 4.11239e+006 0.992059
cadsr.txt 6 2 1e+009 0.99 22.0193 22.2659 0.996268
floodplain.txt 9 2 1e+009 0.99 68794.7 1.79785e+006 0.994744
gene2life.txt 10 2 1e+009 0.99 468.239 1245.52 0.990679
glimmer.txt 6 1 1e+009 0.99 80.5127 123.249 0.990628
leadadas.txt 8 3 1e+009 0.99 4323.41 12399.5 0.998475
leaddm..txt 5 1 1e+009 0.99 207.62 263.85 0.991799
leaddm.txt 5 1 1e+009 0.99 207.62 263.85 0.991799
leadmm..txt 8 3 1e+009 0.99 3929.29 6606.53 0.990097
leadmm.txt 8 3 1e+009 0.99 3929.29 6606.53 0.990097
mcstas.txt 5 1 1e+009 0.99 193518 2.05616e+008 0.970759
mememast.txt 4 1 1e+009 0.99 109.342 137.84 0.994269
molsci.txt 7 2 1e+009 0.99 812.124 1636.38 0.990989
motif_large.txt 505 500 1e+009 0.99 394.376 1.19408e+008 0.990183
motif_medium.txt 140 135 1e+009 0.99 394.376 2.85481e+007 0.990203
motif_small.txt 15 10 1e+009 0.99 4874.21 1.21845e+006 0.995619
psload_large.txt 5086 1000 1e+009 0.99 34.8131 2.24132e+006 0.990022
psload_medium.txt 491 100 1e+009 0.99 34.0845 210906 0.990145
psload_small.txt 6 1 1e+009 0.99 55.0483 55.6647 0.990695
psmerge_medium.txt 843 195 1e+009 0.99 640.373 4.08245e+008 0.990033
psmerge_small.txt 82 77 1e+009 0.99 640.373 3.32902e+007 0.990196
scoop_large..txt 103 100 1e+009 0.99 781.266 108265 0.990015
scoop_large.txt 103 100 1e+009 0.99 781.266 108265 0.990015
scoop_medium.txt 53 50 1e+009 0.99 781.266 54311.2 0.990014
scoop_small.txt 8 5 1e+009 0.99 781.266 5534.7 0.990068
