44
CyberShake_100.txt 102 48 14.8568 0.98 14.7848 18286.5 0.980002
CyberShake_50.txt 52 23 17.0987 0.98 17.0703 13054.6 0.98
Epigenomics_100.txt 102 24 1944.11 0.98 1911.79 5.62616e+006 0.980318
Epigenomics_24.txt 26 5 363.207 0.98 363.206 240796 0.981902
Epigenomics_46.txt 49 5 502.942 0.98 502.924 512021 0.984306
Inspiral_100.txt 102 11 86.7341 0.98 69.5865 398621 0.980086
Inspiral_1000.txt 1002 40 91.9813 0.98 74.9581 5.2287e+006 0.980256
Inspiral_30.txt 32 7 86.8915 0.98 86.8557 88258.6 0.981306
Inspiral_50.txt 52 12 91.8128 0.98 91.8086 158026 0.980027
Montage_100.txt 102 62 4.60235 0.98 4.60221 13822.7 0.98
Montage_1000.txt 1002 662 23.9788 0.98 23.9764 90580.9 0.980001
Montage_25.txt 27 9 3.0268 0.98 3.02636 3573.43 0.99576
Montage_50.txt 52 28 3.62878 0.98 3.62777 6693.87 0.985869
Sipht_100.txt 99 23 291.224 0.98 276.39 264396 0.980177
Sipht_1000.txt 970 32 345.903 0.98 315.214 2.61443e+006 0.980091
Sipht_30.txt 31 17 286.926 0.98 268.022 84303.8 0.980226
Sipht_60.txt 60 18 301.946 0.98 285.512 179766 0.980088
avianflu_large.txt 2004 2000 140.57 0.98 93.7131 1.55266e+008 0.980043
avianflu_medium.txt 1004 1000 140.57 0.98 93.7131 7.22893e+007 0.980049
avianflu_small.txt 104 100 140.57 0.98 127.182 4.1366e+006 0.980099
cadsr.txt 6 2 1.30157 0.98 1.23959 357.099 0.999922
floodplain.txt 9 2 7614.19 0.98 7456 2.42007e+006 0.982951
gene2life.txt 10 2 35.1424 0.98 35.0355 18770.5 0.992905
glimmer.txt 6 1 6.3777 0.98 6.074 1749.78 0.999617
leadadas.txt 8 3 324.482 0.98 253.843 111988 0.98016
leaddm..txt 5 1 14.9681 0.98 14.2553 4106.64 0.999101
leaddm.txt 5 1 14.9681 0.98 14.2553 4106.64 0.999101
leadmm..txt 8 3 324.482 0.98 250.443 107707 0.983404
leadmm.txt 8 3 324.482 0.98 250.443 107707 0.983404
mcstas.txt 5 1 290276 0.98 193518 2.05616e+008 0.970759
mememast.txt 4 1 7.80942 0.98 7.43755 2142.59 0.999531
molsci.txt 7 2 66.3801 0.98 64.2725 25790.7 0.993091
motif_large.txt 505 500 591.564 0.98 394.376 1.13931e+008 0.980031
motif_medium.txt 140 135 591.564 0.98 394.376 2.30717e+007 0.980051
motif_small.txt 15 10 591.564 0.98 591.301 767629 0.995553
psload_large.txt 5086 1000 3.25393 0.98 3.25081 1.39508e+006 0.989362
psload_medium.txt 491 100 3.25393 0.98 3.25081 132008 0.998979
psload_small.txt 6 1 3.25393 0.98 3.18414 866.754 0.999824
psmerge_medium.txt 843 195 960.559 0.98 640.373 4.03018e+008 0.980343
psmerge_small.txt 82 77 960.559 0.98 640.373 2.78138e+007 0.980046
scoop_large..txt 103 100 58.6358 0.98 56.8826 2.05124e+006 0.980061
scoop_large.txt 103 100 58.6358 0.98 56.8826 2.05124e+006 0.980061
scoop_medium.txt 53 50 58.6358 0.98 56.8826 1.01272e+006 0.980127
scoop_small.txt 8 5 58.6358 0.98 56.8826 80348.4 0.982372
