44
CyberShake_100.txt 102 48 24.7613 0.99 24.6954 15203.7 0.990003
CyberShake_50.txt 52 23 28.4979 0.99 28.4852 11116.3 0.99
Epigenomics_100.txt 102 24 3240.18 0.99 1296.07 1.35694e+007 0.990578
Epigenomics_24.txt 26 5 605.344 0.99 605.335 158290 0.990036
Epigenomics_46.txt 49 5 838.237 0.99 792.048 540298 0.990008
Inspiral_100.txt 102 11 144.557 0.99 136.765 328718 0.990674
Inspiral_1000.txt 1002 40 153.302 0.99 103.954 5.49556e+006 0.99093
Inspiral_30.txt 32 7 144.819 0.99 144.801 54626.5 0.990176
Inspiral_50.txt 52 12 153.021 0.99 148.129 178774 0.990387
Montage_100.txt 102 62 7.67059 0.99 7.65458 9685.7 0.990001
Montage_1000.txt 1002 662 39.9647 0.99 39.3292 66512.9 0.990028
Montage_25.txt 27 9 5.04467 0.99 5.04418 1992.84 0.998967
Montage_50.txt 52 28 6.04796 0.99 6.04783 4541.24 0.99552
Sipht_100.txt 99 23 485.374 0.99 420.362 201625 0.991974
Sipht_1000.txt 970 32 576.505 0.99 476.067 2.18228e+006 0.990089
Sipht_30.txt 31 17 478.21 0.99 407.058 66593.1 0.991095
Sipht_60.txt 60 18 503.244 0.99 441.871 135025 0.991794
avianflu_large.txt 2004 2000 234.283 0.99 93.7131 1.60659e+008 0.990042
avianflu_medium.txt 1004 1000 234.283 0.99 93.7131 7.76828e+007 0.990048
avianflu_small.txt 104 100 234.283 0.99 229.929 1.84664e+006 0.990078
cadsr.txt 6 2 2.16928 0.99 2.1509 193.201 0.999841
floodplain.txt 9 2 12690.3 0.99 12653.5 1.71607e+006 0.994999
gene2life.txt 10 2 58.5707 0.99 58.0968 10459.6 0.99004
glimmer.txt 6 1 10.6295 0.99 10.3331 956.794 0.999373
leadadas.txt 8 3 540.803 0.99 501.998 54925.5 0.993596
leaddm..txt 5 1 24.9468 0.99 24.5202 2232.38 0.998369
leaddm.txt 5 1 24.9468 0.99 24.5202 2232.38 0.998369
leadmm..txt 8 3 540.803 0.99 483.539 54193.7 0.994622
leadmm.txt 8 3 540.803 0.99 483.539 54193.7 0.994622
mcstas.txt 5 1 483794 0.99 193518 2.05616e+008 0.970759
mememast.txt 4 1 13.0157 0.99 12.9054 1159.21 0.999044
molsci.txt 7 2 110.633 0.99 110.624 13712.2 0.993013
motif_large.txt 505 500 985.94 0.99 394.376 1.19408e+008 0.990183
motif_medium.txt 140 135 985.94 0.99 394.376 2.85481e+007 0.990203
motif_small.txt 15 10 985.94 0.99 852.447 643405 0.990003
psload_large.txt 5086 1000 5.42321 0.99 4.86072 2.36117e+006 0.990013
psload_medium.txt 491 100 5.42321 0.99 4.86072 209325 0.990014
psload_small.txt 6 1 5.42321 0.99 5.37995 481.144 0.99969
psmerge_medium.txt 843 195 1600.93 0.99 640.373 4.08245e+008 0.990033
psmerge_small.txt 82 77 1600.93 0.99 640.373 3.32902e+007 0.990196
scoop_large..txt 103 100 97.7263 0.99 95.6821 948904 0.990007
scoop_large.txt 103 100 97.7263 0.99 95.6821 948904 0.990007
scoop_medium.txt 53 50 97.7263 0.99 95.916 483661 0.990432
scoop_small.txt 8 5 97.7263 0.99 96.3916 47556.8 0.991566
