44
CyberShake_100.txt 102 48 1e+009 0.999 186.427 2631.69 0.999
CyberShake_50.txt 52 23 1e+009 0.999 205.498 1588.81 0.999
Epigenomics_100.txt 102 24 1e+009 0.999 1296.07 1.8596e+007 0.999987
Epigenomics_24.txt 26 5 1e+009 0.999 335.784 404326 0.999008
Epigenomics_46.txt 49 5 1e+009 0.999 335.295 1.45316e+006 0.999143
Inspiral_100.txt 102 11 1e+009 0.999 566.081 465283 0.999124
Inspiral_1000.txt 1002 40 1e+009 0.999 61.3209 9.96816e+006 0.999005
Inspiral_30.txt 32 7 1e+009 0.999 628.414 137035 0.999716
Inspiral_50.txt 52 12 1e+009 0.999 584.416 253926 0.999517
Montage_100.txt 102 62 1e+009 0.999 68.7107 1239.13 0.999
Montage_1000.txt 1002 662 1e+009 0.999 84.1951 58297.5 0.999035
Montage_25.txt 27 9 1e+009 0.999 34.3454 1454.99 0.99928
Montage_50.txt 52 28 1e+009 0.999 54.2499 592.214 0.999
Sipht_100.txt 99 23 1e+009 0.999 2402.08 128866 0.999137
Sipht_1000.txt 970 32 1e+009 0.999 230.602 7.50577e+006 0.999058
Sipht_30.txt 31 17 1e+009 0.999 2613.29 40539.7 0.999403
Sipht_60.txt 60 18 1e+009 0.999 2682.58 81140.2 0.999181
avianflu_large.txt 2004 2000 1e+009 0.999 93.7131 1.65472e+008 0.999051
avianflu_medium.txt 1004 1000 1e+009 0.999 93.7131 8.24954e+007 0.999057
avianflu_small.txt 104 100 1e+009 0.999 93.7131 7.8164e+006 0.999063
cadsr.txt 6 2 1e+009 0.999 17.6491 24.139 0.999014
floodplain.txt 9 2 1e+009 0.999 5076.12 7.38492e+006 0.99999
gene2life.txt 10 2 1e+009 0.999 421.669 1383.07 0.999157
glimmer.txt 6 1 1e+009 0.999 86.119 121.914 0.99922
leadadas.txt 8 3 1e+009 0.999 465.59 111493 0.999524
leaddm..txt 5 1 1e+009 0.999 188.31 281.679 0.999024
leaddm.txt 5 1 1e+009 0.999 188.31 281.679 0.999024
leadmm..txt 8 3 1e+009 0.999 529.841 106256 0.999355
leadmm.txt 8 3 1e+009 0.999 529.841 106256 0.999355
mcstas.txt 5 1 1e+009 0.999 193518 2.05616e+008 0.970759
mememast.txt 4 1 1e+009 0.999 98.8787 146.033 0.999433
molsci.txt 7 2 1e+009 0.999 385.043 15197.7 0.999733
motif_large.txt 505 500 1e+009 0.999 394.376 1.24137e+008 0.999036
motif_medium.txt 140 135 1e+009 0.999 394.376 3.32778e+007 0.999056
motif_small.txt 15 10 1e+009 0.999 394.376 2.16154e+006 0.999063
psload_large.txt 5086 1000 1e+009 0.999 2.16928 4.19401e+006 0.999001
psload_medium.txt 491 100 1e+009 0.999 34.0845 205670 0.999162
psload_small.txt 6 1 1e+009 0.999 40.6439 63.1946 0.99903
psmerge_medium.txt 843 195 1e+009 0.999 640.373 4.13224e+008 0.99935
psmerge_small.txt 82 77 1e+009 0.999 640.373 3.80199e+007 0.999047
scoop_large..txt 103 100 1e+009 0.999 39.0905 3.63028e+006 0.999024
scoop_large.txt 103 100 1e+009 0.999 39.0905 3.63028e+006 0.999024
scoop_medium.txt 53 50 1e+009 0.999 39.0905 1.55586e+006 0.999024
scoop_small.txt 8 5 1e+009 0.999 781.266 5305.44 0.999047
