44
CyberShake_100.txt 102 48 1e+009 0.98 212.766 2630.95 0.98
CyberShake_50.txt 52 23 1e+009 0.98 245.667 1528.69 0.98
Epigenomics_100.txt 102 24 1e+009 0.98 18708.8 8.30337e+006 0.984009
Epigenomics_24.txt 26 5 1e+009 0.98 364.522 404713 0.98005
Epigenomics_46.txt 49 5 1e+009 0.98 379.456 950208 0.980113
Inspiral_100.txt 102 11 1e+009 0.98 625.517 460726 0.981213
Inspiral_1000.txt 1002 40 1e+009 0.98 630.851 5.0981e+006 0.980079
Inspiral_30.txt 32 7 1e+009 0.98 632.584 135042 0.980852
Inspiral_50.txt 52 12 1e+009 0.98 643.862 251267 0.980892
Montage_100.txt 102 62 1e+009 0.98 68.8042 1245.06 0.98
Montage_1000.txt 1002 662 1e+009 0.98 84.4147 58434.7 0.980014
Montage_25.txt 27 9 1e+009 0.98 39.7256 1172.07 0.981084
Montage_50.txt 52 28 1e+009 0.98 42.8902 2537.03 0.980092
Sipht_100.txt 99 23 1e+009 0.98 2259.96 129175 0.980336
Sipht_1000.txt 970 32 1e+009 0.98 2953.03 1.48697e+006 0.980024
Sipht_30.txt 31 17 1e+009 0.98 2402.08 40042.6 0.985287
Sipht_60.txt 60 18 1e+009 0.98 2682.58 81404.6 0.980276
avianflu_large.txt 2004 2000 1e+009 0.98 93.7131 1.55266e+008 0.980043
avianflu_medium.txt 1004 1000 1e+009 0.98 93.7131 7.22893e+007 0.980049
avianflu_small.txt 104 100 1e+009 0.98 1862.84 4.0732e+006 0.990637
cadsr.txt 6 2 1e+009 0.98 24.3973 20.7437 0.983318
floodplain.txt 9 2 1e+009 0.98 68794.7 1.79785e+006 0.994744
gene2life.txt 10 2 1e+009 0.98 463.065 1297.36 0.98003
glimmer.txt 6 1 1e+009 0.98 96.207 110.96 0.98296
leadadas.txt 8 3 1e+009 0.98 4323.41 12397.1 0.998351
leaddm..txt 5 1 1e+009 0.98 223.055 261.213 0.980196
leaddm.txt 5 1 1e+009 0.98 223.055 261.213 0.980196
leadmm..txt 8 3 1e+009 0.98 4323.41 12046.5 0.998355
leadmm.txt 8 3 1e+009 0.98 4323.41 12046.5 0.998355
mcstas.txt 5 1 1e+009 0.98 193518 2.05616e+008 0.970759
mememast.txt 4 1 1e+009 0.98 123.373 135.443 0.983689
molsci.txt 7 2 1e+009 0.98 826.155 1633.98 0.980444
motif_large.txt 505 500 1e+009 0.98 394.376 1.13931e+008 0.980031
motif_medium.txt 140 135 1e+009 0.98 394.376 2.30717e+007 0.980051
motif_small.txt 15 10 1e+009 0.98 7578.58 77891.6 0.981092
psload_large.txt 5086 1000 1e+009 0.98 34.0845 2.24729e+006 0.980022
psload_medium.txt 491 100 1e+009 0.98 33.2126 210886 0.980195
psload_small.txt 6 1 1e+009 0.98 54.3591 54.6961 0.980052
psmerge_medium.txt 843 195 1e+009 0.98 640.373 4.03018e+008 0.980343
psmerge_small.txt 82 77 1e+009 0.98 640.373 2.78138e+007 0.980046
scoop_large..txt 103 100 1e+009 0.98 781.266 109768 0.980035
scoop_large.txt 103 100 1e+009 0.98 781.266 109768 0.980035
scoop_medium.txt 53 50 1e+009 0.98 781.5 56839.3 0.980917
scoop_small.txt 8 5 1e+009 0.98 781.5 5534.66 0.982256
