44
CyberShake_100.txt 102 48 10.5449 0.999238 10.2835 32553.6 0.999239
CyberShake_50.txt 52 23 13.9071 0.971779 13.9068 15380.8 0.971948
Epigenomics_100.txt 102 24 1730.2 0.980509 1730.2 6.55158e+06 0.980881
Epigenomics_24.txt 26 5 355.688 0.977188 355.685 241613 0.98037
Epigenomics_46.txt 49 5 419.885 0.990211 414.115 782504 0.990229
Inspiral_100.txt 102 11 69.894 0.992684 69.5438 448923 0.993019
Inspiral_1000.txt 1002 40 81.0208 0.965563 69.574 5.26241e+06 0.965965
Inspiral_30.txt 32 7 82.3354 0.999136 81.5162 137536 0.99931
Inspiral_50.txt 52 12 61.2413 0.976898 61.2379 229065 0.976902
Montage_100.txt 102 62 3.70908 0.99294 3.70888 16235.7 0.99883
Montage_1000.txt 1002 662 22.9523 0.968029 22.9475 59670.1 0.968042
Montage_25.txt 27 9 2.17938 0.956147 2.17866 4900.1 0.999369
Montage_50.txt 52 28 2.6031 0.996935 2.58644 11466.6 0.996936
Sipht_100.txt 99 23 248.134 0.963154 246.243 288481 0.963155
Sipht_1000.txt 970 32 313.7 0.982343 302.425 2.78771e+06 0.982431
Sipht_30.txt 31 17 207.029 0.999923 191.284 255682 1
Sipht_60.txt 60 18 244.79 0.98462 238.121 199371 0.984621
avianflu_large.txt 2004 2000 127.243 0.988087 93.7131 1.59622e+08 0.988112
avianflu_medium.txt 1004 1000 117.089 0.986775 93.7131 7.59403e+07 0.986807
avianflu_small.txt 104 100 124.233 0.990482 98.2926 4.15489e+06 0.991151
cadsr.txt 6 2 0.890288 0.990847 0.883969 452.657 0.999995
floodplain.txt 9 2 6975.05 0.987267 6949.4 2.89337e+06 0.987683
gene2life.txt 10 2 27.1874 0.991628 26.9024 21964.3 0.995101
glimmer.txt 6 1 4.56102 0.992714 4.50113 2137 0.999938
leadadas.txt 8 3 232.492 0.962015 231.701 118084 0.97856
leaddm..txt 5 1 13.024 0.952026 11.7603 4614.28 0.994571
leaddm.txt 5 1 12.148 0.999855 10.4454 5068.37 0.999878
leadmm..txt 8 3 232.155 0.960469 226.796 116265 0.988215
leadmm.txt 8 3 301.317 0.956672 257.384 104285 0.964604
mcstas.txt 5 1 225696 0.977396 193518 2.05616e+08 0.970759
mememast.txt 4 1 5.29132 0.966022 5.20628 2765.89 0.999995
molsci.txt 7 2 55.7936 0.993246 55.6262 27962.1 0.998452
motif_large.txt 505 500 557.838 0.992605 394.376 1.20777e+08 0.992738
motif_medium.txt 140 135 527.391 0.97954 394.376 2.28227e+07 0.979592
motif_small.txt 15 10 548.143 0.991956 452.363 1.31719e+06 0.992099
psload_large.txt 5086 1000 2.36694 0.95757 2.34742 2.34401e+06 0.95757
psload_medium.txt 491 100 3.11197 0.983658 3.10906 138929 0.99911
psload_small.txt 6 1 2.31887 0.998407 2.30735 1085.22 0.999947
psmerge_medium.txt 843 195 675.741 0.97674 640.373 4.01275e+08 0.977134
psmerge_small.txt 82 77 790.126 0.953826 712.099 1.92352e+07 0.954024
scoop_large..txt 103 100 41.9868 0.963584 41.9864 2.00506e+06 0.963803
scoop_large.txt 103 100 51.4142 0.978801 44.3927 2.06628e+06 0.978972
scoop_medium.txt 53 50 45.81 0.975519 44.3927 1.0248e+06 0.975648
scoop_small.txt 8 5 51.9838 0.979521 44.8683 94467.4 0.979522
