44
CyberShake_100.txt 102 48 10.895 0.963483 10.8949 25695.7 0.96419
CyberShake_50.txt 52 23 12.5391 0.998998 12.5376 18719.3 0.998998
Epigenomics_100.txt 102 24 1425.68 0.972406 1395.66 8.86591e+006 0.972447
Epigenomics_24.txt 26 5 266.351 0.986295 264.243 364149 0.989914
Epigenomics_46.txt 49 5 368.824 0.969552 367.762 799974 0.969569
Inspiral_100.txt 102 11 63.605 0.980422 63.5247 443095 0.982136
Inspiral_1000.txt 1002 40 67.453 0.990786 61.3209 5.57986e+006 0.990788
Inspiral_30.txt 32 7 63.7205 0.951561 63.7184 117668 0.952774
Inspiral_50.txt 52 12 67.3294 0.993158 65.7583 245725 0.993464
Montage_100.txt 102 62 3.37506 0.951933 3.37467 20914.4 0.996343
Montage_1000.txt 1002 662 17.5845 0.966248 17.5818 245760 0.967075
Montage_25.txt 27 9 2.21965 0.962866 2.2195 4711.61 0.994495
Montage_50.txt 52 28 2.6611 0.957131 2.65942 10130.5 0.998804
Sipht_100.txt 99 23 213.565 0.990247 212.489 354647 0.99479
Sipht_1000.txt 970 32 253.662 0.960331 250.375 3.85592e+006 0.96388
Sipht_30.txt 31 17 210.413 0.973282 202.835 105792 0.973409
Sipht_60.txt 60 18 221.427 0.9683 220.319 213519 0.9683
avianflu_large.txt 2004 2000 103.084 0.990407 93.7131 1.60867e+008 0.990429
avianflu_medium.txt 1004 1000 103.084 0.987453 93.7131 7.63137e+007 0.9875
avianflu_small.txt 104 100 103.084 0.995863 93.7131 6.11538e+006 0.995869
cadsr.txt 6 2 0.954485 0.95786 0.951178 420.868 0.999925
floodplain.txt 9 2 5583.74 0.991759 5545.19 3.38461e+006 0.992879
gene2life.txt 10 2 25.7711 0.980654 25.5841 22818.4 0.996315
glimmer.txt 6 1 4.67698 0.986379 4.51416 2130.9 0.999913
leadadas.txt 8 3 237.953 0.953129 233.658 117936 0.986838
leaddm..txt 5 1 10.9766 0.977049 10.7072 4948.29 0.999579
leaddm.txt 5 1 10.9766 0.969451 10.7072 4948.29 0.999579
leadmm..txt 8 3 237.953 0.956125 235.078 112096 0.984289
leadmm.txt 8 3 237.953 0.975788 235.078 112096 0.984289
mcstas.txt 5 1 212869 0.958702 193518 2.05616e+008 0.970759
mememast.txt 4 1 5.72691 0.999227 5.64191 2555.72 0.999673
molsci.txt 7 2 48.6787 0.971084 48.6547 29525.7 0.996783
motif_large.txt 505 500 433.813 0.992887 394.376 1.20901e+008 0.992971
motif_medium.txt 140 135 433.813 0.979772 394.376 2.29472e+007 0.979821
motif_small.txt 15 10 433.813 0.966208 428.432 1.30523e+006 0.966904
psload_large.txt 5086 1000 2.38621 0.983813 2.34742 2.35669e+006 0.983813
psload_medium.txt 491 100 2.38621 0.963344 2.34742 204714 0.963344
psload_small.txt 6 1 2.38621 0.988154 2.38187 1062.38 0.999577
psmerge_medium.txt 843 195 704.41 0.971682 640.373 3.98537e+008 0.972113
psmerge_small.txt 82 77 704.41 0.978049 640.373 2.68181e+007 0.978212
scoop_large..txt 103 100 42.9996 0.970625 42.204 2.01997e+006 0.970645
scoop_large.txt 103 100 42.9996 0.982621 42.4378 2.04645e+006 0.982769
scoop_medium.txt 53 50 42.9996 0.972992 42.204 983884 0.973059
scoop_small.txt 8 5 42.9996 0.976979 42.9134 98128.4 0.994359
