44
CyberShake_100.txt 102 48 17.8281 0.99 17.8172 15731.5 0.99
CyberShake_50.txt 52 23 20.5185 0.99 20.4316 12193.8 0.99001
Epigenomics_100.txt 102 24 2332.93 0.99 1296.07 1.35694e+007 0.990578
Epigenomics_24.txt 26 5 435.848 0.99 434.203 200426 0.993564
Epigenomics_46.txt 49 5 603.531 0.99 602.816 428089 0.990108
Inspiral_100.txt 102 11 104.081 0.99 102.858 355426 0.990001
Inspiral_1000.txt 1002 40 110.378 0.99 83.8666 5.24277e+006 0.99
Inspiral_30.txt 32 7 104.27 0.99 104.259 71116.8 0.991337
Inspiral_50.txt 52 12 110.175 0.99 109.95 190334 0.990591
Montage_100.txt 102 62 5.52282 0.99 5.52263 10711.3 0.99953
Montage_1000.txt 1002 662 28.7746 0.99 28.7654 67188.2 0.99
Montage_25.txt 27 9 3.63216 0.99 3.6321 2930.32 0.998462
Montage_50.txt 52 28 4.35453 0.99 4.35425 5822.68 0.999379
Sipht_100.txt 99 23 349.469 0.99 322.695 234500 0.990006
Sipht_1000.txt 970 32 415.084 0.99 387.813 2.5072e+006 0.990194
Sipht_30.txt 31 17 344.311 0.99 304.925 78451.9 0.990125
Sipht_60.txt 60 18 362.336 0.99 330.697 151932 0.990012
avianflu_large.txt 2004 2000 168.684 0.99 93.7131 1.60659e+008 0.990042
avianflu_medium.txt 1004 1000 168.684 0.99 93.7131 7.76828e+007 0.990048
avianflu_small.txt 104 100 168.684 0.99 157.841 3.52109e+006 0.990044
cadsr.txt 6 2 1.56188 0.99 1.54972 258.468 0.999998
floodplain.txt 9 2 9137.02 0.99 8724.8 2.25999e+006 0.991131
gene2life.txt 10 2 42.1709 0.99 42.1173 13861.1 0.999907
glimmer.txt 6 1 7.65323 0.99 7.44711 1292.14 0.99999
leadadas.txt 8 3 389.378 0.99 256.351 114001 0.991618
leaddm..txt 5 1 17.9617 0.99 17.6722 2998.56 0.999978
leaddm.txt 5 1 17.9617 0.99 17.6722 2998.56 0.999978
leadmm..txt 8 3 389.378 0.99 388.829 67686.2 0.994977
leadmm.txt 8 3 389.378 0.99 388.829 67686.2 0.994977
mcstas.txt 5 1 348332 0.99 193518 2.05616e+008 0.970759
mememast.txt 4 1 9.37131 0.99 9.29833 1550.81 0.999989
molsci.txt 7 2 79.6561 0.99 76.6866 22909.7 0.994238
motif_large.txt 505 500 709.877 0.99 394.376 1.19408e+008 0.990183
motif_medium.txt 140 135 709.877 0.99 394.376 2.85481e+007 0.990203
motif_small.txt 15 10 709.877 0.99 705.828 665217 0.994794
psload_large.txt 5086 1000 3.90471 0.99 3.90115 1.16525e+006 0.990772
psload_medium.txt 491 100 3.90471 0.99 3.90115 110175 0.999129
psload_small.txt 6 1 3.90471 0.99 3.88253 647.415 0.999995
psmerge_medium.txt 843 195 1152.67 0.99 640.373 4.08245e+008 0.990033
psmerge_small.txt 82 77 1152.67 0.99 640.373 3.32902e+007 0.990196
scoop_large..txt 103 100 70.3629 0.99 69.4647 1.18715e+006 0.990843
scoop_large.txt 103 100 70.3629 0.99 69.4647 1.18715e+006 0.990843
scoop_medium.txt 53 50 70.3629 0.99 69.9403 593575 0.992717
scoop_small.txt 8 5 70.3629 0.99 69.9403 59358.3 0.996751
