44
CyberShake_100.txt 102 48 1e+09 0.999238 178.959 2691.68 0.999238
CyberShake_50.txt 52 23 1e+09 0.971779 247.841 1536.86 0.971779
Epigenomics_100.txt 102 24 1e+09 0.980509 18708.6 8.81454e+06 0.983332
Epigenomics_24.txt 26 5 1e+09 0.977188 374.228 404597 0.977626
Epigenomics_46.txt 49 5 1e+09 0.990211 371.62 950409 0.990375
Inspiral_100.txt 102 11 1e+09 0.992684 567.697 460824 0.996062
Inspiral_1000.txt 1002 40 1e+09 0.965563 584.565 5.14266e+06 0.965685
Inspiral_30.txt 32 7 1e+09 0.999136 626.877 137040 0.999716
Inspiral_50.txt 52 12 1e+09 0.976898 643.862 251268 0.977837
Montage_100.txt 102 62 1e+09 0.99294 70.3216 1253.96 0.99294
Montage_1000.txt 1002 662 1e+09 0.968029 84.4153 58489.9 0.96804
Montage_25.txt 27 9 1e+09 0.956147 44.9114 479.713 0.990607
Montage_50.txt 52 28 1e+09 0.996935 55.9495 590.129 0.996936
Sipht_100.txt 99 23 1e+09 0.963154 2501.54 127959 0.96465
Sipht_1000.txt 970 32 1e+09 0.982343 2804.76 1.48697e+06 0.982366
Sipht_30.txt 31 17 1e+09 0.999923 191.284 255682 1
Sipht_60.txt 60 18 1e+09 0.98462 2682.58 80905 0.99085
avianflu_large.txt 2004 2000 1e+09 0.988087 93.7131 1.59622e+08 0.988112
avianflu_medium.txt 1004 1000 1e+09 0.986775 93.7131 7.59403e+07 0.986807
avianflu_small.txt 104 100 1e+09 0.990482 1852.26 4.11239e+06 0.992059
cadsr.txt 6 2 1e+09 0.990847 22.0193 22.2659 0.996268
floodplain.txt 9 2 1e+09 0.987267 68794.7 1.79785e+06 0.994744
gene2life.txt 10 2 1e+09 0.991628 468.296 1256.7 0.991634
glimmer.txt 6 1 1e+09 0.992714 80.0371 123.554 0.993224
leadadas.txt 8 3 1e+09 0.962015 3959.08 6778.72 0.962919
leaddm..txt 5 1 1e+09 0.952026 253.222 256.058 0.957908
leaddm.txt 5 1 1e+09 0.999855 190.725 556.226 0.999999
leadmm..txt 8 3 1e+09 0.960469 3959.08 6797.7 0.966243
leadmm.txt 8 3 1e+09 0.956672 3959.08 6605.44 0.96479
mcstas.txt 5 1 1e+09 0.977396 193518 2.05616e+08 0.970759
mememast.txt 4 1 1e+09 0.966022 132.116 133.595 0.977813
molsci.txt 7 2 1e+09 0.993246 832.707 1598.72 0.993311
motif_large.txt 505 500 1e+09 0.992605 394.376 1.20777e+08 0.992738
motif_medium.txt 140 135 1e+09 0.97954 394.376 2.28227e+07 0.979592
motif_small.txt 15 10 1e+09 0.991956 4869.84 1.21845e+06 0.995643
psload_large.txt 5086 1000 1e+09 0.95757 34.0845 2.2475e+06 0.957591
psload_medium.txt 491 100 1e+09 0.983658 34.0845 210887 0.983861
psload_small.txt 6 1 1e+09 0.998407 44.5248 57.463 0.998676
psmerge_medium.txt 843 195 1e+09 0.97674 640.373 4.01275e+08 0.977134
psmerge_small.txt 82 77 1e+09 0.953826 8852.31 1.87977e+07 0.957137
scoop_large..txt 103 100 1e+09 0.963584 781.354 111035 0.963678
scoop_large.txt 103 100 1e+09 0.978801 781.266 110111 0.978836
scoop_medium.txt 53 50 1e+09 0.975519 781.976 57182.9 0.97647
scoop_small.txt 8 5 1e+09 0.979521 781.976 5534.36 0.979689
