44
CyberShake_100.txt 102 48 1e+009 0.9 251.339 2601.81 0.9
CyberShake_50.txt 52 23 1e+009 0.9 289.311 1538.56 0.9
Epigenomics_100.txt 102 24 1e+009 0.9 18717.3 8.2727e+006 0.900919
Epigenomics_24.txt 26 5 1e+009 0.9 377.788 404293 0.900006
Epigenomics_46.txt 49 5 1e+009 0.9 391.944 950374 0.900238
Inspiral_100.txt 102 11 1e+009 0.9 635.904 262383 0.900038
Inspiral_1000.txt 1002 40 1e+009 0.9 584.565 5.14285e+006 0.9001
Inspiral_30.txt 32 7 1e+009 0.9 1157.99 61808.9 0.900253
Inspiral_50.txt 52 12 1e+009 0.9 1165.08 129103 0.945804
Montage_100.txt 102 62 1e+009 0.9 86.0892 1293.28 0.906901
Montage_1000.txt 1002 662 1e+009 0.9 91.1673 58534.6 0.9
Montage_25.txt 27 9 1e+009 0.9 55.1147 249.064 0.900152
Montage_50.txt 52 28 1e+009 0.9 67.6352 596.492 0.900047
Sipht_100.txt 99 23 1e+009 0.9 2501.54 127992 0.903575
Sipht_1000.txt 970 32 1e+009 0.9 3105.78 1.48517e+006 0.900021
Sipht_30.txt 31 17 1e+009 0.9 3778.86 7463.25 0.900394
Sipht_60.txt 60 18 1e+009 0.9 2943.69 79524.1 0.902172
avianflu_large.txt 2004 2000 1e+009 0.9 93.7131 1.10002e+008 0.900007
avianflu_medium.txt 1004 1000 1e+009 0.9 1901.02 4.11773e+007 0.902806
avianflu_small.txt 104 100 1e+009 0.9 1957.15 232740 0.900146
cadsr.txt 6 2 1e+009 0.9 31.5313 16.177 0.945472
floodplain.txt 9 2 1e+009 0.9 91361.7 227290 0.901454
gene2life.txt 10 2 1e+009 0.9 539.42 1226.9 0.900514
glimmer.txt 6 1 1e+009 0.9 111.699 106.667 0.961505
leadadas.txt 8 3 1e+009 0.9 4409.33 6717.53 0.901745
leaddm..txt 5 1 1e+009 0.9 230.083 252.589 0.90033
leaddm.txt 5 1 1e+009 0.9 230.083 252.589 0.90033
leadmm..txt 8 3 1e+009 0.9 4402.45 6361.11 0.901519
leadmm.txt 8 3 1e+009 0.9 4402.45 6361.11 0.901519
mcstas.txt 5 1 1e+009 0.9 193518 2.05616e+008 0.970759
mememast.txt 4 1 1e+009 0.9 132.116 133.595 0.977813
molsci.txt 7 2 1e+009 0.9 887.212 1579.18 0.900206
motif_large.txt 505 500 1e+009 0.9 394.376 6.87503e+007 0.900148
motif_medium.txt 140 135 1e+009 0.9 7573.4 938927 0.900353
motif_small.txt 15 10 1e+009 0.9 7606.88 73191.5 0.900026
psload_large.txt 5086 1000 1e+009 0.9 34.8131 2.23998e+006 0.900177
psload_medium.txt 491 100 1e+009 0.9 39.1846 176720 0.900189
psload_small.txt 6 1 1e+009 0.9 71.6942 45.0092 0.903997
psmerge_medium.txt 843 195 1e+009 0.9 640.373 3.57712e+008 0.900242
psmerge_small.txt 82 77 1e+009 0.9 12874 1.06995e+006 0.904706
scoop_large..txt 103 100 1e+009 0.9 860.826 111133 0.900026
scoop_large.txt 103 100 1e+009 0.9 860.826 111133 0.900026
scoop_medium.txt 53 50 1e+009 0.9 861.301 55103 0.902063
scoop_small.txt 8 5 1e+009 0.9 861.301 5296.84 0.900031
