44
CyberShake_100.txt 102 48 14.8568 0.9 14.8534 17074.2 0.915294
CyberShake_50.txt 52 23 17.0987 0.9 17.0703 13052.4 0.962681
Epigenomics_100.txt 102 24 1944.11 0.9 1911.79 5.0441e+006 0.900196
Epigenomics_24.txt 26 5 363.207 0.9 363.206 240796 0.981902
Epigenomics_46.txt 49 5 502.942 0.9 502.909 487967 0.900216
Inspiral_100.txt 102 11 86.7341 0.9 86.7152 280412 0.90001
Inspiral_1000.txt 1002 40 91.9813 0.9 75.0192 5.13674e+006 0.900239
Inspiral_30.txt 32 7 86.8915 0.9 86.8752 87410.8 0.960791
Inspiral_50.txt 52 12 91.8128 0.9 91.8103 148646 0.931226
Montage_100.txt 102 62 4.60235 0.9 4.60195 12987.1 0.957606
Montage_1000.txt 1002 662 23.9788 0.9 23.9016 88334.2 0.9
Montage_25.txt 27 9 3.0268 0.9 3.02636 3573.43 0.99576
Montage_50.txt 52 28 3.62878 0.9 3.62777 6693.87 0.985869
Sipht_100.txt 99 23 291.224 0.9 276.39 259075 0.900005
Sipht_1000.txt 970 32 345.903 0.9 315.214 2.55785e+006 0.900078
Sipht_30.txt 31 17 286.926 0.9 279.559 78976 0.901927
Sipht_60.txt 60 18 301.946 0.9 285.512 176197 0.903348
avianflu_large.txt 2004 2000 140.57 0.9 93.7131 1.10002e+008 0.900007
avianflu_medium.txt 1004 1000 140.57 0.9 127.182 4.14559e+007 0.900288
avianflu_small.txt 104 100 140.57 0.9 127.182 4.02624e+006 0.900072
cadsr.txt 6 2 1.30157 0.9 1.23959 357.099 0.999922
floodplain.txt 9 2 7614.19 0.9 7512.39 2.372e+006 0.901707
gene2life.txt 10 2 35.1424 0.9 35.0355 18770.5 0.992905
glimmer.txt 6 1 6.3777 0.9 6.074 1749.78 0.999617
leadadas.txt 8 3 324.482 0.9 268.439 104464 0.927461
leaddm..txt 5 1 14.9681 0.9 14.2553 4106.64 0.999101
leaddm.txt 5 1 14.9681 0.9 14.2553 4106.64 0.999101
leadmm..txt 8 3 324.482 0.9 323.79 89649.8 0.968788
leadmm.txt 8 3 324.482 0.9 323.79 89649.8 0.968788
mcstas.txt 5 1 290276 0.9 193518 2.05616e+008 0.970759
mememast.txt 4 1 7.80942 0.9 7.43755 2142.59 0.999531
molsci.txt 7 2 66.3801 0.9 64.2725 25030.6 0.973704
motif_large.txt 505 500 591.564 0.9 394.376 6.87503e+007 0.900148
motif_medium.txt 140 135 591.564 0.9 591.301 9.31058e+006 0.943848
motif_small.txt 15 10 591.564 0.9 591.301 767629 0.995553
psload_large.txt 5086 1000 3.25393 0.9 3.25081 1.39508e+006 0.989362
psload_medium.txt 491 100 3.25393 0.9 3.25081 132008 0.998979
psload_small.txt 6 1 3.25393 0.9 3.18414 866.754 0.999824
psmerge_medium.txt 843 195 960.559 0.9 640.373 3.57712e+008 0.900242
psmerge_small.txt 82 77 960.559 0.9 890.61 1.91478e+007 0.90118
scoop_large..txt 103 100 58.6358 0.9 56.7368 1.9381e+006 0.90006
scoop_large.txt 103 100 58.6358 0.9 56.7368 1.9381e+006 0.90006
scoop_medium.txt 53 50 58.6358 0.9 56.8826 897168 0.900144
scoop_small.txt 8 5 58.6358 0.9 57.3582 80348.1 0.979805
