44
CyberShake_100.txt 102 48 10.895 0.99 10.7216 32035.1 0.990038
CyberShake_50.txt 52 23 12.5391 0.99 12.5372 18226.3 0.99
Epigenomics_100.txt 102 24 1425.68 0.99 1296.07 1.35694e+007 0.990578
Epigenomics_24.txt 26 5 266.351 0.99 262.98 364714 0.990164
Epigenomics_46.txt 49 5 368.824 0.99 368.238 763777 0.990001
Inspiral_100.txt 102 11 63.605 0.99 58.171 451153 0.990026
Inspiral_1000.txt 1002 40 67.453 0.99 62.0451 5.37792e+006 0.990418
Inspiral_30.txt 32 7 63.7205 0.99 63.6056 121017 0.990062
Inspiral_50.txt 52 12 67.3294 0.99 65.7712 245754 0.990042
Montage_100.txt 102 62 3.37506 0.99 3.37467 20914.4 0.996343
Montage_1000.txt 1002 662 17.5845 0.99 17.4803 250469 0.990876
Montage_25.txt 27 9 2.21965 0.99 2.2195 4711.61 0.994495
Montage_50.txt 52 28 2.6611 0.99 2.65942 10130.5 0.998804
Sipht_100.txt 99 23 213.565 0.99 212.489 335633 0.990006
Sipht_1000.txt 970 32 253.662 0.99 248.188 3.90301e+006 0.990099
Sipht_30.txt 31 17 210.413 0.99 201.831 108145 0.990033
Sipht_60.txt 60 18 221.427 0.99 220.319 217266 0.990001
avianflu_large.txt 2004 2000 103.084 0.99 93.7131 1.60659e+008 0.990042
avianflu_medium.txt 1004 1000 103.084 0.99 93.7131 7.76828e+007 0.990048
avianflu_small.txt 104 100 103.084 0.99 98.2926 4.15266e+006 0.990098
cadsr.txt 6 2 0.954485 0.99 0.951178 420.868 0.999925
floodplain.txt 9 2 5583.74 0.99 5523.31 3.19082e+006 0.990016
gene2life.txt 10 2 25.7711 0.99 25.5841 22818.4 0.996315
glimmer.txt 6 1 4.67698 0.99 4.51416 2130.9 0.999913
leadadas.txt 8 3 237.953 0.99 233.662 117818 0.996198
leaddm..txt 5 1 10.9766 0.99 10.7072 4948.29 0.999579
leaddm.txt 5 1 10.9766 0.99 10.7072 4948.29 0.999579
leadmm..txt 8 3 237.953 0.99 235.358 112008 0.993513
leadmm.txt 8 3 237.953 0.99 235.358 112008 0.993513
mcstas.txt 5 1 212869 0.99 193518 2.05616e+008 0.970759
mememast.txt 4 1 5.72691 0.99 5.64191 2555.72 0.999673
molsci.txt 7 2 48.6787 0.99 48.6547 29525.7 0.996783
motif_large.txt 505 500 433.813 0.99 394.376 1.19408e+008 0.990183
motif_medium.txt 140 135 433.813 0.99 394.376 2.85481e+007 0.990203
motif_small.txt 15 10 433.813 0.99 420.171 1.31515e+006 0.990362
psload_large.txt 5086 1000 2.38621 0.99 2.34742 2.35828e+006 0.99
psload_medium.txt 491 100 2.38621 0.99 2.34742 217574 0.99
psload_small.txt 6 1 2.38621 0.99 2.38187 1062.38 0.999577
psmerge_medium.txt 843 195 704.41 0.99 640.373 4.08245e+008 0.990033
psmerge_small.txt 82 77 704.41 0.99 640.373 3.32902e+007 0.990196
scoop_large..txt 103 100 42.9996 0.99 42.4378 2.06211e+006 0.99011
scoop_large.txt 103 100 42.9996 0.99 42.4378 2.06211e+006 0.99011
scoop_medium.txt 53 50 42.9996 0.99 42.2921 1.02043e+006 0.990037
scoop_small.txt 8 5 42.9996 0.99 42.9134 98128.4 0.994359
