44
CyberShake_100.txt 102 48 11.8854 0.976756 11.8796 22032.4 0.97676
CyberShake_50.txt 52 23 13.679 0.990219 13.6759 16014.1 0.990219
Epigenomics_100.txt 102 24 1555.29 0.985336 1296.07 1.0857e+007 0.985537
Epigenomics_24.txt 26 5 290.565 0.981393 290.563 327190 0.98144
Epigenomics_46.txt 49 5 402.354 0.974304 402.354 714719 0.97439
Inspiral_100.txt 102 11 69.3872 0.971329 68.486 370638 0.971342
Inspiral_1000.txt 1002 40 73.5851 0.967562 65.6706 5.23562e+006 0.967591
Inspiral_30.txt 32 7 69.5132 0.968804 69.5083 108996 0.977569
Inspiral_50.txt 52 12 73.4502 0.962721 73.1124 217869 0.962749
Montage_100.txt 102 62 3.68188 0.990529 3.68137 16296.2 0.998877
Montage_1000.txt 1002 662 19.1831 0.962393 19.1829 143848 0.962397
Montage_25.txt 27 9 2.42144 0.992643 2.42097 4144.02 0.999657
Montage_50.txt 52 28 2.90302 0.999451 2.90281 8458.7 0.999464
Sipht_100.txt 99 23 232.979 0.97243 230.212 330072 0.972458
Sipht_1000.txt 970 32 276.723 0.989912 270.235 4.30539e+006 0.990382
Sipht_30.txt 31 17 229.541 0.963522 214.833 104490 0.96368
Sipht_60.txt 60 18 241.557 0.971728 238.121 196290 0.971728
avianflu_large.txt 2004 2000 112.456 0.952852 93.7131 1.4033e+008 0.952876
avianflu_medium.txt 1004 1000 112.456 0.961092 93.7131 6.19172e+007 0.961102
avianflu_small.txt 104 100 112.456 0.992642 93.7131 4.41436e+006 0.992686
cadsr.txt 6 2 1.04126 0.99109 1.01483 403.115 0.999575
floodplain.txt 9 2 6091.35 0.974376 6065.21 2.96841e+006 0.983204
gene2life.txt 10 2 28.1139 0.971419 27.9579 21763.4 0.991994
glimmer.txt 6 1 5.10216 0.963978 4.72455 2034.81 0.999463
leadadas.txt 8 3 259.585 0.964953 258.459 106533 0.965219
leaddm..txt 5 1 11.9744 0.98865 11.0634 4781.51 0.998894
leaddm.txt 5 1 11.9744 0.996897 11.0634 4781.51 0.998894
leadmm..txt 8 3 259.585 0.97958 241.459 109787 0.980958
leadmm.txt 8 3 259.585 0.993177 230.34 114834 0.994325
mcstas.txt 5 1 232221 0.962557 193518 2.05616e+008 0.970759
mememast.txt 4 1 6.24754 0.953167 5.77223 2494.7 0.999423
molsci.txt 7 2 53.1041 0.982342 52.9948 28607.8 0.998452
motif_large.txt 505 500 473.251 0.986463 394.376 1.17416e+008 0.98648
motif_medium.txt 140 135 473.251 0.965019 457.538 1.68798e+007 0.965127
motif_small.txt 15 10 473.251 0.994605 452.577 1.32389e+006 0.994797
psload_large.txt 5086 1000 2.60314 0.991538 2.59966 2.3395e+006 0.99154
psload_medium.txt 491 100 2.60314 0.971772 2.55818 203002 0.971772
psload_small.txt 6 1 2.60314 0.956789 2.55965 998.794 0.999783
psmerge_medium.txt 843 195 768.447 0.992366 640.373 4.09739e+008 0.992819
psmerge_small.txt 82 77 768.447 0.977363 640.373 2.65691e+007 0.977754
scoop_large..txt 103 100 46.9086 0.973801 44.247 2.06201e+006 0.973843
scoop_large.txt 103 100 46.9086 0.983196 44.247 2.06832e+006 0.983279
scoop_medium.txt 53 50 46.9086 0.992323 44.1589 1.03219e+006 0.992349
scoop_small.txt 8 5 46.9086 0.991851 44.3927 97213.5 0.993224
