44
CyberShake_100.txt 102 48 13.8663 0.99 13.8662 19980.1 0.99
CyberShake_50.txt 52 23 15.9588 0.99 15.9474 13920.4 0.990004
Epigenomics_100.txt 102 24 1814.5 0.99 1296.07 1.35694e+007 0.990578
Epigenomics_24.txt 26 5 338.993 0.99 338.888 270454 0.995982
Epigenomics_46.txt 49 5 469.413 0.99 458.262 774635 0.990624
Inspiral_100.txt 102 11 80.9518 0.99 65.7276 440805 0.990131
Inspiral_1000.txt 1002 40 85.8492 0.99 71.4321 5.2909e+006 0.990416
Inspiral_30.txt 32 7 81.0988 0.99 80.7828 104786 0.990002
Inspiral_50.txt 52 12 85.6919 0.99 85.5383 223984 0.990308
Montage_100.txt 102 62 4.29553 0.99 4.295 13573 0.9905
Montage_1000.txt 1002 662 22.3802 0.99 22.3799 65360.9 0.990069
Montage_25.txt 27 9 2.82502 0.99 2.82478 3720.11 0.997881
Montage_50.txt 52 28 3.38686 0.99 3.38536 7164.87 0.998904
Sipht_100.txt 99 23 271.809 0.99 263.349 275060 0.99046
Sipht_1000.txt 970 32 322.843 0.99 313.111 2.7129e+006 0.990084
Sipht_30.txt 31 17 267.798 0.99 255.212 95612.1 0.990142
Sipht_60.txt 60 18 281.817 0.99 274.54 192866 0.991198
avianflu_large.txt 2004 2000 131.198 0.99 93.7131 1.60659e+008 0.990042
avianflu_medium.txt 1004 1000 131.198 0.99 93.7131 7.76828e+007 0.990048
avianflu_small.txt 104 100 131.198 0.99 98.2926 4.15266e+006 0.990098
cadsr.txt 6 2 1.2148 0.99 1.2064 361.104 0.999256
floodplain.txt 9 2 7106.57 0.99 6529.49 3.28676e+006 0.993248
gene2life.txt 10 2 32.7996 0.99 32.6834 19793.3 0.995664
glimmer.txt 6 1 5.95252 0.99 5.75209 1788.63 0.993178
leadadas.txt 8 3 302.849 0.99 250.612 112395 0.990177
leaddm..txt 5 1 13.9702 0.99 13.9201 4147.09 0.992401
leaddm.txt 5 1 13.9702 0.99 13.9201 4147.09 0.992401
leadmm..txt 8 3 302.849 0.99 247.7 108825 0.993491
leadmm.txt 8 3 302.849 0.99 247.7 108825 0.993491
mcstas.txt 5 1 270925 0.99 193518 2.05616e+008 0.970759
mememast.txt 4 1 7.28879 0.99 7.23843 2166.62 0.995544
molsci.txt 7 2 61.9548 0.99 60.7374 26879.3 0.99718
motif_large.txt 505 500 552.126 0.99 394.376 1.19408e+008 0.990183
motif_medium.txt 140 135 552.126 0.99 394.376 2.85481e+007 0.990203
motif_small.txt 15 10 552.126 0.99 457.538 1.31496e+006 0.990645
psload_large.txt 5086 1000 3.037 0.99 3.03692 2.34872e+006 0.990021
psload_medium.txt 491 100 3.037 0.99 3.03692 209173 0.990002
psload_small.txt 6 1 3.037 0.99 3.01194 888.663 0.996831
psmerge_medium.txt 843 195 896.522 0.99 640.373 4.08245e+008 0.990033
psmerge_small.txt 82 77 896.522 0.99 640.373 3.32902e+007 0.990196
scoop_large..txt 103 100 54.7267 0.99 44.3927 2.06903e+006 0.990073
scoop_large.txt 103 100 54.7267 0.99 44.3927 2.06903e+006 0.990073
scoop_medium.txt 53 50 54.7267 0.99 44.1589 1.02735e+006 0.990077
scoop_small.txt 8 5 54.7267 0.99 44.3927 97416.8 0.990025
