44
CyberShake_100.txt 102 48 11.8854 0.99 11.5316 15220.7 0.992441
CyberShake_50.txt 52 23 13.679 0.99 11.2215 7217.71 0.992175
Epigenomics_100.txt 102 24 1555.29 0.99 1218.25 5.86818e+006 0.99999
Epigenomics_24.txt 26 5 290.565 0.99 175.4 192828 0.994487
Epigenomics_46.txt 49 5 402.354 0.99 292.206 555040 0.992099
Inspiral_100.txt 102 11 69.3872 0.99 59.4752 232622 0.993767
Inspiral_1000.txt 1002 40 73.5851 0.99 70.4239 3.01079e+006 0.99152
Inspiral_30.txt 32 7 69.5132 0.99 46.8461 70673.9 0.994683
Inspiral_50.txt 52 12 73.4502 0.99 54.1623 129915 0.994319
Montage_100.txt 102 62 3.68188 0.99 3.12565 8741.62 0.996587
Montage_1000.txt 1002 662 19.1831 0.99 13.248 165391 0.992738
Montage_25.txt 27 9 2.42144 0.99 2.13747 2269.97 0.999687
Montage_50.txt 52 28 2.90302 0.99 2.82577 4517.18 0.999469
Sipht_100.txt 99 23 232.979 0.99 148.383 178344 0.993889
Sipht_1000.txt 970 32 276.723 0.99 291.598 1.59694e+006 0.992849
Sipht_30.txt 31 17 229.541 0.99 182.412 65650.9 0.992142
Sipht_60.txt 60 18 241.557 0.99 217.743 107545 0.990389
avianflu_large.txt 2004 2000 112.456 0.99 82.9132 5.12484e+007 0.999995
avianflu_medium.txt 1004 1000 112.456 0.99 83.1815 2.6407e+007 0.999997
avianflu_small.txt 104 100 112.456 0.99 75.9997 2.96915e+006 0.992827
cadsr.txt 6 2 1.04126 0.99 0.918999 157.196 0.999997
floodplain.txt 9 2 6091.35 0.99 3663.83 1.70952e+006 0.994235
gene2life.txt 10 2 28.1139 0.99 18.0611 12938.6 0.997841
glimmer.txt 6 1 5.10216 0.99 3.14526 1384.09 0.99971
leadadas.txt 8 3 259.585 0.99 120.815 61426 0.997838
leaddm..txt 5 1 11.9744 0.99 6.41119 2364.52 0.999728
leaddm.txt 5 1 11.9744 0.99 8.59004 3214.15 0.999647
leadmm..txt 8 3 259.585 0.99 130.36 63857.1 0.994755
leadmm.txt 8 3 259.585 0.99 122.145 59845.7 0.99505
mcstas.txt 5 1 232221 0.99 130544 6.93526e+007 0.985096
mememast.txt 4 1 6.24754 0.99 3.91683 1142.59 0.999996
molsci.txt 7 2 53.1041 0.99 26.7089 16071.3 0.997552
motif_large.txt 505 500 473.251 0.99 296.827 3.73867e+007 0.999987
motif_medium.txt 140 135 473.251 0.99 361.768 1.05743e+007 0.999997
motif_small.txt 15 10 473.251 0.99 363.667 953136 0.993302
psload_large.txt 5086 1000 2.60314 0.99 2.64521 1.4134e+006 0.993753
psload_medium.txt 491 100 2.60314 0.99 2.68896 130586 0.993499
psload_small.txt 6 1 2.60314 0.99 1.98376 578.743 0.999828
psmerge_medium.txt 843 195 768.447 0.99 627.607 1.23793e+008 0.999928
psmerge_small.txt 82 77 768.447 0.99 573.338 1.04186e+007 0.999993
scoop_large..txt 103 100 46.9086 0.99 30.3016 1.26305e+006 0.992111
scoop_large.txt 103 100 46.9086 0.99 24.6318 1.09236e+006 0.992978
scoop_medium.txt 53 50 46.9086 0.99 27.7281 599951 0.992621
scoop_small.txt 8 5 46.9086 0.99 20.6741 45449 0.995343
