24
CyberShake_100.txt 102 48 14.8568 0.985 11.3145 15112 0.989546
CyberShake_50.txt 52 23 17.0987 0.985 17.0306 5407.52 0.985709
Epigenomics_100.txt 102 24 1944.11 0.985 1052.26 4.76396e+06 0.999996
Epigenomics_24.txt 26 5 363.207 0.985 298.401 189360 0.992496
Epigenomics_46.txt 49 5 502.942 0.985 395.522 264503 0.992054
Inspiral_100.txt 102 11 86.7341 0.985 73.4659 182184 0.988504
Inspiral_1000.txt 1002 40 91.9813 0.985 89.6142 2.62791e+06 0.990333
Inspiral_30.txt 32 7 86.8915 0.985 69.7514 39953.6 0.989617
Inspiral_50.txt 52 12 91.8128 0.985 60.9684 95307.2 0.993063
Montage_100.txt 102 62 4.60235 0.985 4.46306 5501.73 0.98674
Montage_1000.txt 1002 662 23.9788 0.985 16.1713 150542 0.989857
Montage_25.txt 27 9 3.0268 0.985 2.71313 2717.62 0.9978
Montage_50.txt 52 28 3.62878 0.985 3.34884 3206.97 0.996625
Sipht_100.txt 99 23 291.224 0.985 230.364 120801 0.988236
Sipht_1000.txt 970 32 345.903 0.985 349.478 1.1477e+06 0.98896
Sipht_30.txt 31 17 286.926 0.985 222.792 44077.5 0.987547
Sipht_60.txt 60 18 301.946 0.985 242.829 70418.5 0.990539
avianflu_large.txt 2004 2000 140.57 0.985 81.4658 5.44681e+07 0.999994
avianflu_medium.txt 1004 1000 140.57 0.985 74.9347 2.31198e+07 0.999998
avianflu_small.txt 104 100 140.57 0.985 65.8153 2.28966e+06 0.992365
cadsr.txt 6 2 1.30157 0.985 1.00859 133.549 0.999827
motif_large.txt 505 500 591.564 0.985 376.334 4.52695e+07 0.999984
motif_medium.txt 140 135 591.564 0.985 478.576 1.02396e+07 0.999997
motif_small.txt 15 10 591.564 0.985 443.385 374358 0.99761
