24
CyberShake_100.txt 102 48 14.8568 0.985 8.02523 29091.1 0.999542
CyberShake_50.txt 52 23 17.0987 0.985 11.7616 19064.8 0.998515
Epigenomics_100.txt 102 24 1944.11 0.985 1028.23 5.19227e+06 0.999995
Epigenomics_24.txt 26 5 363.207 0.985 307.769 212604 0.990825
Epigenomics_46.txt 49 5 502.942 0.985 349.531 326330 0.990769
Inspiral_100.txt 102 11 86.7341 0.985 69.7839 185451 0.989485
Inspiral_1000.txt 1002 40 91.9813 0.985 89.1459 2.63735e+06 0.989681
Inspiral_30.txt 32 7 86.8915 0.985 59.5918 58400.5 0.991089
Inspiral_50.txt 52 12 91.8128 0.985 72.7412 98369.1 0.992534
Montage_100.txt 102 62 4.60235 0.985 1.89408 14922.5 0.999972
Montage_1000.txt 1002 662 23.9788 0.985 14.5707 151213 0.999685
Montage_25.txt 27 9 3.0268 0.985 1.24082 3190.86 0.999994
Montage_50.txt 52 28 3.62878 0.985 1.5848 6363.44 0.999988
Sipht_100.txt 99 23 291.224 0.985 231.4 111623 0.98585
Sipht_1000.txt 970 32 345.903 0.985 312.57 1.33164e+06 0.988124
Sipht_30.txt 31 17 286.926 0.985 232.022 36130.7 0.988159
Sipht_60.txt 60 18 301.946 0.985 231.797 67926.7 0.988051
avianflu_large.txt 2004 2000 140.57 0.985 81.3498 4.85514e+07 0.999995
avianflu_medium.txt 1004 1000 140.57 0.985 83.3517 2.68309e+07 0.999997
avianflu_small.txt 104 100 140.57 0.985 89.1121 2.8366e+06 0.990095
cadsr.txt 6 2 1.30157 0.985 0.369576 196.341 1
motif_large.txt 505 500 591.564 0.985 459.411 3.91413e+07 0.999988
motif_medium.txt 140 135 591.564 0.985 386.761 1.12165e+07 0.999997
motif_small.txt 15 10 591.564 0.985 516.77 512130 0.996814
