24
CyberShake_100.txt 102 48 14.8568 0.985 13.9172 9238.83 0.988475
CyberShake_50.txt 52 23 17.0987 0.985 13.5114 9719.77 0.986409
Epigenomics_100.txt 102 24 1944.11 0.985 1137.54 5.61784e+06 0.999995
Epigenomics_24.txt 26 5 363.207 0.985 230.56 125878 0.997469
Epigenomics_46.txt 49 5 502.942 0.985 427.374 307394 0.990666
Inspiral_100.txt 102 11 86.7341 0.985 77.7466 197220 0.99014
Inspiral_1000.txt 1002 40 91.9813 0.985 90.7218 2.70074e+06 0.989973
Inspiral_30.txt 32 7 86.8915 0.985 75.5268 43532.5 0.988553
Inspiral_50.txt 52 12 91.8128 0.985 72.968 97848 0.993495
Montage_100.txt 102 62 4.60235 0.985 4.22574 7468.48 0.986231
Montage_1000.txt 1002 662 23.9788 0.985 19.3032 145189 0.989937
Montage_25.txt 27 9 3.0268 0.985 2.68214 1244.52 0.998775
Montage_50.txt 52 28 3.62878 0.985 4.89833 2520.36 0.994472
Sipht_100.txt 99 23 291.224 0.985 270.644 116699 0.985659
Sipht_1000.txt 970 32 345.903 0.985 319.723 1.19302e+06 0.986607
Sipht_30.txt 31 17 286.926 0.985 207.015 41256.8 0.991103
Sipht_60.txt 60 18 301.946 0.985 229.884 65495.3 0.991881
avianflu_large.txt 2004 2000 140.57 0.985 82.8347 4.80688e+07 0.999996
avianflu_medium.txt 1004 1000 140.57 0.985 76.2769 2.55817e+07 0.999998
avianflu_small.txt 104 100 140.57 0.985 72.5412 2.33699e+06 0.991708
cadsr.txt 6 2 1.30157 0.985 1.17787 368.157 0.999997
motif_large.txt 505 500 591.564 0.985 419.801 4.47704e+07 0.999985
motif_medium.txt 140 135 591.564 0.985 378.587 1.00286e+07 0.999997
motif_small.txt 15 10 591.564 0.985 408.578 334838 0.997858
