24
CyberShake_100.txt 102 48 14.8568 0.985 11.3103 9386.03 0.991467
CyberShake_50.txt 52 23 17.0987 0.985 12.5446 5650.07 0.988879
Epigenomics_100.txt 102 24 1944.11 0.985 1142.71 5.6976e+06 0.999994
Epigenomics_24.txt 26 5 363.207 0.985 347.268 169625 0.996062
Epigenomics_46.txt 49 5 502.942 0.985 377.731 260135 0.991655
Inspiral_100.txt 102 11 86.7341 0.985 74.8747 186082 0.989358
Inspiral_1000.txt 1002 40 91.9813 0.985 94.643 2.58466e+06 0.990636
Inspiral_30.txt 32 7 86.8915 0.985 72.6934 58658.5 0.991282
Inspiral_50.txt 52 12 91.8128 0.985 65.4565 96286.1 0.990801
Montage_100.txt 102 62 4.60235 0.985 4.55143 5629.59 0.989688
Montage_1000.txt 1002 662 23.9788 0.985 22.834 143926 0.988517
Montage_25.txt 27 9 3.0268 0.985 3.15429 1661.79 0.998248
Montage_50.txt 52 28 3.62878 0.985 3.52192 2274.83 0.997179
Sipht_100.txt 99 23 291.224 0.985 197.54 131715 0.990673
Sipht_1000.txt 970 32 345.903 0.985 317.476 1.08902e+06 0.990977
Sipht_30.txt 31 17 286.926 0.985 242.144 43408.7 0.986128
Sipht_60.txt 60 18 301.946 0.985 247.253 69087.3 0.9917
avianflu_large.txt 2004 2000 140.57 0.985 75.833 4.96202e+07 0.999995
avianflu_medium.txt 1004 1000 140.57 0.985 74.4563 2.85677e+07 0.999997
avianflu_small.txt 104 100 140.57 0.985 85.2614 2.42536e+06 0.991284
cadsr.txt 6 2 1.30157 0.985 0.892835 98.0768 0.999943
motif_large.txt 505 500 591.564 0.985 310.196 3.34024e+07 0.999991
motif_medium.txt 140 135 591.564 0.985 344.803 1.10687e+07 0.999997
motif_small.txt 15 10 591.564 0.985 521.892 494177 0.996863
