44
CyberShake_100.txt 102 48 14.8568 0.99 13.425 8863.68 0.992602
CyberShake_50.txt 52 23 17.0987 0.99 16.2783 5611.54 0.989367
Epigenomics_100.txt 102 24 1944.11 0.99 1135.51 5.90335e+006 0.999994
Epigenomics_24.txt 26 5 363.207 0.99 289.919 161873 0.996709
Epigenomics_46.txt 49 5 502.942 0.99 419.676 313353 0.99247
Inspiral_100.txt 102 11 86.7341 0.99 75.6545 183555 0.993835
Inspiral_1000.txt 1002 40 91.9813 0.99 85.7776 2.82499e+006 0.996497
Inspiral_30.txt 32 7 86.8915 0.99 63.9667 47322.3 0.99426
Inspiral_50.txt 52 12 91.8128 0.99 71.9886 90137.4 0.994069
Montage_100.txt 102 62 4.60235 0.99 4.05003 6318.97 0.990666
Montage_1000.txt 1002 662 23.9788 0.99 17.864 158904 0.99304
Montage_25.txt 27 9 3.0268 0.99 2.79026 1551.06 0.998144
Montage_50.txt 52 28 3.62878 0.99 3.46608 3617.31 0.993313
Sipht_100.txt 99 23 291.224 0.99 215.092 112298 0.996245
Sipht_1000.txt 970 32 345.903 0.99 334.387 1.87567e+006 0.995529
Sipht_30.txt 31 17 286.926 0.99 214.303 59090.5 0.991962
Sipht_60.txt 60 18 301.946 0.99 230.373 63088.7 0.997979
avianflu_large.txt 2004 2000 140.57 0.99 85.6398 5.20657e+007 0.999995
avianflu_medium.txt 1004 1000 140.57 0.99 83.8008 2.45169e+007 0.999998
avianflu_small.txt 104 100 140.57 0.99 72.2429 2.8282e+006 0.993283
cadsr.txt 6 2 1.30157 0.99 0.99557 256.516 0.999966
floodplain.txt 9 2 7614.19 0.99 6348.07 1.77208e+006 0.994334
gene2life.txt 10 2 35.1424 0.99 23.8142 10565 0.999535
glimmer.txt 6 1 6.3777 0.99 3.12155 944.26 0.999815
leadadas.txt 8 3 324.482 0.99 124.912 63325.2 0.997794
leaddm..txt 5 1 14.9681 0.99 10.9624 2517.4 0.999941
leaddm.txt 5 1 14.9681 0.99 9.48892 2230.54 0.99995
leadmm..txt 8 3 324.482 0.99 146.594 71597.2 0.994489
leadmm.txt 8 3 324.482 0.99 165.798 80951.9 0.993541
mcstas.txt 5 1 290276 0.99 83308.5 3.80603e+007 0.995251
mememast.txt 4 1 7.80942 0.99 5.59557 1383.63 0.999994
molsci.txt 7 2 66.3801 0.99 35.4333 12625.2 0.999203
motif_large.txt 505 500 591.564 0.99 350.32 3.30593e+007 0.999992
motif_medium.txt 140 135 591.564 0.99 354.902 8.32154e+006 0.999998
motif_small.txt 15 10 591.564 0.99 462.788 437601 0.997224
psload_large.txt 5086 1000 3.25393 0.99 3.78197 823881 0.990339
psload_medium.txt 491 100 3.25393 0.99 3.5693 77604.7 0.996032
psload_small.txt 6 1 3.25393 0.99 2.66534 482.088 0.99993
psmerge_medium.txt 843 195 960.559 0.99 612.015 1.21309e+008 0.999931
psmerge_small.txt 82 77 960.559 0.99 600.53 1.26065e+007 0.999992
scoop_large..txt 103 100 58.6358 0.99 39.9634 1.37524e+006 0.991209
scoop_large.txt 103 100 58.6358 0.99 36.6094 1.23426e+006 0.993656
scoop_medium.txt 53 50 58.6358 0.99 36.4028 614284 0.991929
scoop_small.txt 8 5 58.6358 0.99 34.1436 54249.2 0.993216
