44
CyberShake_100.txt 102 48 14.8568 0.9 14.3845 8943.52 0.908567
CyberShake_50.txt 52 23 17.0987 0.9 16.841 6458.29 0.939917
Epigenomics_100.txt 102 24 1944.11 0.9 1692.53 3.36616e+006 0.927629
Epigenomics_24.txt 26 5 363.207 0.9 237.11 146565 0.983748
Epigenomics_46.txt 49 5 502.942 0.9 375.354 287694 0.944227
Inspiral_100.txt 102 11 86.7341 0.9 81.6768 175683 0.916213
Inspiral_1000.txt 1002 40 91.9813 0.9 90.9513 2.61827e+006 0.930483
Inspiral_30.txt 32 7 86.8915 0.9 64.9061 44914.3 0.959744
Inspiral_50.txt 52 12 91.8128 0.9 82.3648 102306 0.971942
Montage_100.txt 102 62 4.60235 0.9 4.78729 5815.96 0.982571
Montage_1000.txt 1002 662 23.9788 0.9 21.5198 114851 0.992196
Montage_25.txt 27 9 3.0268 0.9 2.27327 1836.08 0.998319
Montage_50.txt 52 28 3.62878 0.9 3.03318 6275.67 0.997738
Sipht_100.txt 99 23 291.224 0.9 234.255 116007 0.939887
Sipht_1000.txt 970 32 345.903 0.9 370.97 1.20816e+006 0.925709
Sipht_30.txt 31 17 286.926 0.9 194.318 38681.9 0.940632
Sipht_60.txt 60 18 301.946 0.9 241.137 82107.2 0.925573
avianflu_large.txt 2004 2000 140.57 0.9 83.3792 5.18978e+007 0.999995
avianflu_medium.txt 1004 1000 140.57 0.9 92.5173 2.78779e+007 0.931197
avianflu_small.txt 104 100 140.57 0.9 74.8531 2.56641e+006 0.944217
cadsr.txt 6 2 1.30157 0.9 0.850261 242.737 0.999967
floodplain.txt 9 2 7614.19 0.9 6180.89 1.96697e+006 0.927908
gene2life.txt 10 2 35.1424 0.9 24.0395 10429.7 0.999489
glimmer.txt 6 1 6.3777 0.9 3.4031 1027.92 0.999797
leadadas.txt 8 3 324.482 0.9 168.011 54218.9 0.980778
leaddm..txt 5 1 14.9681 0.9 9.0815 2582.65 0.999991
leaddm.txt 5 1 14.9681 0.9 8.64914 2350.39 0.999991
leadmm..txt 8 3 324.482 0.9 218.013 67611.8 0.982877
leadmm.txt 8 3 324.482 0.9 216.026 67632.6 0.982479
mcstas.txt 5 1 290276 0.9 196758 6.58634e+007 0.982316
mememast.txt 4 1 7.80942 0.9 4.11779 1022 0.999996
molsci.txt 7 2 66.3801 0.9 37.9831 11194.7 0.978336
motif_large.txt 505 500 591.564 0.9 375.523 4.43565e+007 0.945152
motif_medium.txt 140 135 591.564 0.9 541.198 5.45154e+006 0.966511
motif_small.txt 15 10 591.564 0.9 462.814 323576 0.996873
psload_large.txt 5086 1000 3.25393 0.9 3.75447 820571 0.95916
psload_medium.txt 491 100 3.25393 0.9 3.67534 74656.1 0.996193
psload_small.txt 6 1 3.25393 0.9 2.64371 541.884 0.999997
psmerge_medium.txt 843 195 960.559 0.9 625.238 1.30345e+008 0.999911
psmerge_small.txt 82 77 960.559 0.9 734.325 1.23686e+007 0.935998
scoop_large..txt 103 100 58.6358 0.9 37.8834 1.13403e+006 0.936754
scoop_large.txt 103 100 58.6358 0.9 36.4244 1.11663e+006 0.936087
scoop_medium.txt 53 50 58.6358 0.9 40.3501 581213 0.932192
scoop_small.txt 8 5 58.6358 0.9 31.1733 43688.1 0.988994
