44
CyberShake_100.txt 102 48 1e+009 0.98 171.88 2141.69 0.982594
CyberShake_50.txt 52 23 1e+009 0.98 156.654 909.384 0.984397
Epigenomics_100.txt 102 24 1e+009 0.98 13455.9 3.82429e+006 0.999998
Epigenomics_24.txt 26 5 1e+009 0.98 2361.67 16470.5 0.995245
Epigenomics_46.txt 49 5 1e+009 0.98 3996.6 35971 0.989663
Inspiral_100.txt 102 11 1e+009 0.98 675.653 80382.4 0.999583
Inspiral_1000.txt 1002 40 1e+009 0.98 808.156 1.30667e+006 0.995729
Inspiral_30.txt 32 7 1e+009 0.98 664.214 7225.79 0.987725
Inspiral_50.txt 52 12 1e+009 0.98 778.505 14874.1 0.987753
Montage_100.txt 102 62 1e+009 0.98 35.5773 1193.45 0.981098
Montage_1000.txt 1002 662 1e+009 0.98 92.1698 155410 0.984524
Montage_25.txt 27 9 1e+009 0.98 24.3866 223.938 0.984566
Montage_50.txt 52 28 1e+009 0.98 27.0567 670.897 0.985712
Sipht_100.txt 99 23 1e+009 0.98 2020.71 28298.9 0.9886
Sipht_1000.txt 970 32 1e+009 0.98 3147.66 276767 0.990167
Sipht_30.txt 31 17 1e+009 0.98 2295.63 11471.3 0.986355
Sipht_60.txt 60 18 1e+009 0.98 2203.64 16389 0.988036
avianflu_large.txt 2004 2000 1e+009 0.98 77.697 4.85475e+007 0.999995
avianflu_medium.txt 1004 1000 1e+009 0.98 76.7832 2.62673e+007 0.999997
avianflu_small.txt 104 100 1e+009 0.98 1167.45 146316 0.991579
cadsr.txt 6 2 1e+009 0.98 16.4621 112.024 0.986407
floodplain.txt 9 2 1e+009 0.98 35683.3 874854 0.988872
gene2life.txt 10 2 1e+009 0.98 177.42 6151.66 0.989683
glimmer.txt 6 1 1e+009 0.98 58.7594 167.587 0.990106
leadadas.txt 8 3 1e+009 0.98 1372.71 10824.5 0.999447
leaddm..txt 5 1 1e+009 0.98 85.9446 1679.48 0.992461
leaddm.txt 5 1 1e+009 0.98 68.6021 1330.84 0.993976
leadmm..txt 8 3 1e+009 0.98 1892.21 11633.6 0.996366
leadmm.txt 8 3 1e+009 0.98 2332.31 12994 0.995532
mcstas.txt 5 1 1e+009 0.98 198010 6.90584e+007 0.983285
mememast.txt 4 1 1e+009 0.98 50.3185 1049.95 0.991809
molsci.txt 7 2 1e+009 0.98 304.946 9405.87 0.996234
motif_large.txt 505 500 1e+009 0.98 1632.02 3.81978e+007 0.999989
motif_medium.txt 140 135 1e+009 0.98 1828.27 9.81107e+006 0.999997
motif_small.txt 15 10 1e+009 0.98 5239.97 51461 0.988447
psload_large.txt 5086 1000 1e+009 0.98 35.653 261810 0.999846
psload_medium.txt 491 100 1e+009 0.98 37.0401 14405.3 0.999138
psload_small.txt 6 1 1e+009 0.98 28.6718 182.068 0.995192
psmerge_medium.txt 843 195 1e+009 0.98 689.11 1.28793e+008 0.999923
psmerge_small.txt 82 77 1e+009 0.98 1862.33 1.05949e+007 0.999994
scoop_large..txt 103 100 1e+009 0.98 664.585 76639.2 0.983833
scoop_large.txt 103 100 1e+009 0.98 471.452 54306.1 0.988588
scoop_medium.txt 53 50 1e+009 0.98 685.587 42711.5 0.983534
scoop_small.txt 8 5 1e+009 0.98 485.154 3348.03 0.987875
