24
CyberShake_100.txt 102 48 14.8568 0.985 12.9153 7180.75 0.986684
CyberShake_50.txt 52 23 17.0987 0.985 14.9345 6642.97 0.987896
Epigenomics_100.txt 102 24 1944.11 0.985 1117.43 5.33111e+06 0.999995
Epigenomics_24.txt 26 5 363.207 0.985 274.183 139557 0.996778
Epigenomics_46.txt 49 5 502.942 0.985 417.832 336257 0.989755
Inspiral_100.txt 102 11 86.7341 0.985 67.1128 195130 0.98956
Inspiral_1000.txt 1002 40 91.9813 0.985 90.1002 2.71678e+06 0.988292
Inspiral_30.txt 32 7 86.8915 0.985 63.168 33589.7 0.993923
Inspiral_50.txt 52 12 91.8128 0.985 57.9604 97161.8 0.993247
Montage_100.txt 102 62 4.60235 0.985 1.7658 14851.6 0.999972
Montage_1000.txt 1002 662 23.9788 0.985 18.2464 151694 0.995164
Montage_25.txt 27 9 3.0268 0.985 1.40505 3361.24 0.999994
Montage_50.txt 52 28 3.62878 0.985 1.61598 8015.48 0.999985
Sipht_100.txt 99 23 291.224 0.985 253.426 138812 0.986829
Sipht_1000.txt 970 32 345.903 0.985 345.012 1.24963e+06 0.9887
Sipht_30.txt 31 17 286.926 0.985 219.376 36368.6 0.985705
Sipht_60.txt 60 18 301.946 0.985 219.367 105495 0.988274
avianflu_large.txt 2004 2000 140.57 0.985 69.6363 4.62383e+07 0.999996
avianflu_medium.txt 1004 1000 140.57 0.985 81.1956 2.9617e+07 0.999997
avianflu_small.txt 104 100 140.57 0.985 72.1789 2.33107e+06 0.991881
cadsr.txt 6 2 1.30157 0.985 0.541317 287.58 0.999999
motif_large.txt 505 500 591.564 0.985 423.432 3.57014e+07 0.99999
motif_medium.txt 140 135 591.564 0.985 332.029 1.02639e+07 0.999997
motif_small.txt 15 10 591.564 0.985 383.582 365142 0.997682
