24
CyberShake_100.txt 102 48 14.8568 0.985 13.4828 7383.06 0.986621
CyberShake_50.txt 52 23 17.0987 0.985 14.2451 6494.13 0.990862
Epigenomics_100.txt 102 24 1944.11 0.985 1132.12 5.34671e+06 0.999995
Epigenomics_24.txt 26 5 363.207 0.985 273.109 161105 0.996779
Epigenomics_46.txt 49 5 502.942 0.985 302.149 268078 0.991567
Inspiral_100.txt 102 11 86.7341 0.985 74.5907 210377 0.988417
Inspiral_1000.txt 1002 40 91.9813 0.985 95.2214 2.58208e+06 0.990085
Inspiral_30.txt 32 7 86.8915 0.985 63.4567 39863.2 0.995902
Inspiral_50.txt 52 12 91.8128 0.985 74.1649 122765 0.988715
Montage_100.txt 102 62 4.60235 0.985 3.34389 6421.96 0.992037
Montage_1000.txt 1002 662 23.9788 0.985 18.081 137244 0.989088
Montage_25.txt 27 9 3.0268 0.985 2.99123 1235.37 0.998572
Montage_50.txt 52 28 3.62878 0.985 3.15841 3608.74 0.996825
Sipht_100.txt 99 23 291.224 0.985 266.897 121379 0.986142
Sipht_1000.txt 970 32 345.903 0.985 351.421 1.27109e+06 0.98881
Sipht_30.txt 31 17 286.926 0.985 269.408 39869.8 0.988894
Sipht_60.txt 60 18 301.946 0.985 274.149 85399.7 0.98927
avianflu_large.txt 2004 2000 140.57 0.985 80.6654 4.48888e+07 0.999996
avianflu_medium.txt 1004 1000 140.57 0.985 82.3771 2.52875e+07 0.999998
avianflu_small.txt 104 100 140.57 0.985 75.665 2.4434e+06 0.99178
cadsr.txt 6 2 1.30157 0.985 1.06749 150.414 0.999935
motif_large.txt 505 500 591.564 0.985 375.614 3.80564e+07 0.999989
motif_medium.txt 140 135 591.564 0.985 412.499 1.03033e+07 0.999997
motif_small.txt 15 10 591.564 0.985 397.16 510169 0.996077
