24
CyberShake_100.txt 102 48 14.8568 0.985 13.9315 10390.6 0.985667
CyberShake_50.txt 52 23 17.0987 0.985 19.1548 7061.98 0.980739
Epigenomics_100.txt 102 24 1944.11 0.985 1033.59 5.26045e+06 0.999995
Epigenomics_24.txt 26 5 363.207 0.985 282.339 166417 0.996678
Epigenomics_46.txt 49 5 502.942 0.985 330.233 228109 0.993978
Inspiral_100.txt 102 11 86.7341 0.985 73.3047 176988 0.988405
Inspiral_1000.txt 1002 40 91.9813 0.985 87.9689 2.72561e+06 0.989539
Inspiral_30.txt 32 7 86.8915 0.985 71.9981 53030.3 0.988979
Inspiral_50.txt 52 12 91.8128 0.985 71.4136 94488.3 0.993541
Montage_100.txt 102 62 4.60235 0.985 2.0131 14958.5 0.999972
Montage_1000.txt 1002 662 23.9788 0.985 20.7393 151520 0.998477
Montage_25.txt 27 9 3.0268 0.985 1.28982 3326.7 0.999994
Montage_50.txt 52 28 3.62878 0.985 1.41169 6122.82 0.999988
Sipht_100.txt 99 23 291.224 0.985 261.309 125381 0.988481
Sipht_1000.txt 970 32 345.903 0.985 305.82 1.11184e+06 0.990268
Sipht_30.txt 31 17 286.926 0.985 223.309 37413.3 0.986064
Sipht_60.txt 60 18 301.946 0.985 196.285 94443.6 0.990453
avianflu_large.txt 2004 2000 140.57 0.985 82.1097 5.88429e+07 0.999993
avianflu_medium.txt 1004 1000 140.57 0.985 76.253 2.61186e+07 0.999997
avianflu_small.txt 104 100 140.57 0.985 74.7012 2.3626e+06 0.991492
cadsr.txt 6 2 1.30157 0.985 0.693113 368.223 0.999999
motif_large.txt 505 500 591.564 0.985 369.554 4.097e+07 0.999987
motif_medium.txt 140 135 591.564 0.985 368.897 1.17979e+07 0.999996
motif_small.txt 15 10 591.564 0.985 441.313 550750 0.99518
