24
CyberShake_100.txt 102 48 14.8568 0.985 14.8928 8033.29 0.986163
CyberShake_50.txt 52 23 17.0987 0.985 15.0713 5517.04 0.983254
Epigenomics_100.txt 102 24 1944.11 0.985 940.252 4.55197e+06 0.999997
Epigenomics_24.txt 26 5 363.207 0.985 221.492 109135 0.997455
Epigenomics_46.txt 49 5 502.942 0.985 402.497 329046 0.989462
Inspiral_100.txt 102 11 86.7341 0.985 69.4501 181535 0.989725
Inspiral_1000.txt 1002 40 91.9813 0.985 97.9765 2.83144e+06 0.989254
Inspiral_30.txt 32 7 86.8915 0.985 73.8379 51628.1 0.989764
Inspiral_50.txt 52 12 91.8128 0.985 64.8391 85936.4 0.995208
Montage_100.txt 102 62 4.60235 0.985 2.13001 18389.2 0.999965
Montage_1000.txt 1002 662 23.9788 0.985 18.7701 164753 0.99459
Montage_25.txt 27 9 3.0268 0.985 1.3129 3352.63 0.999994
Montage_50.txt 52 28 3.62878 0.985 1.32309 6640.37 0.999988
Sipht_100.txt 99 23 291.224 0.985 206.415 107946 0.99021
Sipht_1000.txt 970 32 345.903 0.985 356.136 1.34778e+06 0.98817
Sipht_30.txt 31 17 286.926 0.985 216.592 52543 0.988484
Sipht_60.txt 60 18 301.946 0.985 210.102 103663 0.9892
avianflu_large.txt 2004 2000 140.57 0.985 79.4711 5.91956e+07 0.999993
avianflu_medium.txt 1004 1000 140.57 0.985 74.0462 2.41467e+07 0.999998
avianflu_small.txt 104 100 140.57 0.985 99.3034 3.04135e+06 0.989074
cadsr.txt 6 2 1.30157 0.985 0.506102 268.872 0.999999
motif_large.txt 505 500 591.564 0.985 338.456 4.4044e+07 0.999985
motif_medium.txt 140 135 591.564 0.985 357.17 1.19251e+07 0.999996
motif_small.txt 15 10 591.564 0.985 337.265 319354 0.997972
