24
CyberShake_100.txt 102 48 14.8568 0.985 11.5269 7728.89 0.986571
CyberShake_50.txt 52 23 17.0987 0.985 12.6741 5690.76 0.988849
Epigenomics_100.txt 102 24 1944.11 0.985 999.92 4.82277e+06 0.999996
Epigenomics_24.txt 26 5 363.207 0.985 241.883 137647 0.997203
Epigenomics_46.txt 49 5 502.942 0.985 408.685 274649 0.991573
Inspiral_100.txt 102 11 86.7341 0.985 88.6186 171747 0.989822
Inspiral_1000.txt 1002 40 91.9813 0.985 84.9677 2.65315e+06 0.989256
Inspiral_30.txt 32 7 86.8915 0.985 67.7635 48011.4 0.991226
Inspiral_50.txt 52 12 91.8128 0.985 78.1469 99375.3 0.989102
Montage_100.txt 102 62 4.60235 0.985 2.72488 12909 0.99241
Montage_1000.txt 1002 662 23.9788 0.985 20.5981 151770 0.994596
Montage_25.txt 27 9 3.0268 0.985 1.37819 3589.09 0.999993
Montage_50.txt 52 28 3.62878 0.985 2.55473 7021.48 0.999962
Sipht_100.txt 99 23 291.224 0.985 204.762 100668 0.987377
Sipht_1000.txt 970 32 345.903 0.985 308.142 1.2057e+06 0.987682
Sipht_30.txt 31 17 286.926 0.985 229.413 35467.9 0.988977
Sipht_60.txt 60 18 301.946 0.985 201.128 60012.9 0.991873
avianflu_large.txt 2004 2000 140.57 0.985 79.8638 5.14545e+07 0.999995
avianflu_medium.txt 1004 1000 140.57 0.985 70.658 2.29562e+07 0.999998
avianflu_small.txt 104 100 140.57 0.985 75.249 2.26944e+06 0.991563
cadsr.txt 6 2 1.30157 0.985 0.535197 284.329 0.999999
motif_large.txt 505 500 591.564 0.985 424.848 3.60927e+07 0.999989
motif_medium.txt 140 135 591.564 0.985 334.739 1.25385e+07 0.999996
motif_small.txt 15 10 591.564 0.985 486.568 481960 0.997002
