44
CyberShake_100.txt 102 48 1e+009 0.999 111.02 1889.25 0.999827
CyberShake_50.txt 52 23 1e+009 0.999 139.061 1078.06 0.999468
Epigenomics_100.txt 102 24 1e+009 0.999 3799.55 5.65627e+006 0.999995
Epigenomics_24.txt 26 5 1e+009 0.999 2807.46 26887.2 0.999995
Epigenomics_46.txt 49 5 1e+009 0.999 944.354 523688 1
Inspiral_100.txt 102 11 1e+009 0.999 584.327 119418 0.999841
Inspiral_1000.txt 1002 40 1e+009 0.999 56.4665 3.21801e+006 1
Inspiral_30.txt 32 7 1e+009 0.999 591.238 6664.21 0.999481
Inspiral_50.txt 52 12 1e+009 0.999 809.865 12510.6 0.999993
Montage_100.txt 102 62 1e+009 0.999 26.3321 4046.1 0.999444
Montage_1000.txt 1002 662 1e+009 0.999 60.9141 139903 0.999022
Montage_25.txt 27 9 1e+009 0.999 18.8532 293.305 0.999113
Montage_50.txt 52 28 1e+009 0.999 18.1616 1410.76 0.999384
Sipht_100.txt 99 23 1e+009 0.999 2237.16 30322.2 0.999682
Sipht_1000.txt 970 32 1e+009 0.999 847.787 2.52208e+006 1
Sipht_30.txt 31 17 1e+009 0.999 2360.97 13334.6 0.999153
Sipht_60.txt 60 18 1e+009 0.999 2216.5 14899.5 0.999706
avianflu_large.txt 2004 2000 1e+009 0.999 80.9373 5.16908e+007 0.999995
avianflu_medium.txt 1004 1000 1e+009 0.999 76.3071 2.62083e+007 0.999997
avianflu_small.txt 104 100 1e+009 0.999 52.8652 2.12791e+006 1
cadsr.txt 6 2 1e+009 0.999 10.5335 90.3703 0.998767
floodplain.txt 9 2 1e+009 0.999 9286.32 1.80781e+006 0.999997
gene2life.txt 10 2 1e+009 0.999 200.088 7891.93 0.999312
glimmer.txt 6 1 1e+009 0.999 49.1571 180.724 0.999511
leadadas.txt 8 3 1e+009 0.999 1539.13 12172.6 0.999928
leaddm..txt 5 1 1e+009 0.999 74.2021 1805.92 0.999926
leaddm.txt 5 1 1e+009 0.999 70.566 1655.37 0.999929
leadmm..txt 8 3 1e+009 0.999 2015.57 12665.1 0.99995
leadmm.txt 8 3 1e+009 0.999 1441.37 9098.24 0.999963
mcstas.txt 5 1 1e+009 0.999 110154 5.85204e+007 0.988864
mememast.txt 4 1 1e+009 0.999 27.7412 797.753 0.999736
molsci.txt 7 2 1e+009 0.999 319.865 11165.6 0.999555
motif_large.txt 505 500 1e+009 0.999 541.863 4.01127e+007 0.999987
motif_medium.txt 140 135 1e+009 0.999 676.693 1.12992e+007 0.999996
motif_small.txt 15 10 1e+009 0.999 493.12 748204 1
