44
CyberShake_100.txt 102 48 1e+009 0.95 116.517 1445.57 0.970065
CyberShake_50.txt 52 23 1e+009 0.95 149.502 825.363 0.973009
Epigenomics_100.txt 102 24 1e+009 0.95 16678.9 4.33411e+006 0.999897
Epigenomics_24.txt 26 5 1e+009 0.95 3113.13 16761.2 0.998181
Epigenomics_46.txt 49 5 1e+009 0.95 3943.01 48377.4 0.971877
Inspiral_100.txt 102 11 1e+009 0.95 702.117 71442.5 0.987238
Inspiral_1000.txt 1002 40 1e+009 0.95 767.761 1.34458e+006 0.99546
Inspiral_30.txt 32 7 1e+009 0.95 584.496 6327.17 0.968242
Inspiral_50.txt 52 12 1e+009 0.95 803.209 14469.1 0.965976
Montage_100.txt 102 62 1e+009 0.95 41.1964 1474.29 0.991626
Montage_1000.txt 1002 662 1e+009 0.95 100.054 132908 0.969803
Montage_25.txt 27 9 1e+009 0.95 28.9388 1193.45 0.968425
Montage_50.txt 52 28 1e+009 0.95 33.8461 780.275 0.980704
Sipht_100.txt 99 23 1e+009 0.95 2740.65 29430.8 0.964369
Sipht_1000.txt 970 32 1e+009 0.95 2810.28 315890 0.974715
Sipht_30.txt 31 17 1e+009 0.95 1834.58 9062.19 0.966261
Sipht_60.txt 60 18 1e+009 0.95 2059.31 14993.6 0.96764
avianflu_large.txt 2004 2000 1e+009 0.95 85.02 4.97672e+007 0.999995
avianflu_medium.txt 1004 1000 1e+009 0.95 76.7447 2.50291e+007 0.999998
avianflu_small.txt 104 100 1e+009 0.95 1193.12 131797 0.991637
cadsr.txt 6 2 1e+009 0.95 15.6721 96.0304 0.972828
floodplain.txt 9 2 1e+009 0.95 34492.5 938839 0.967363
gene2life.txt 10 2 1e+009 0.95 170.864 5942.06 0.981393
glimmer.txt 6 1 1e+009 0.95 58.0224 162.703 0.990231
leadadas.txt 8 3 1e+009 0.95 2734.26 14458 0.972399
leaddm..txt 5 1 1e+009 0.95 76.6061 1263.76 0.987449
leaddm.txt 5 1 1e+009 0.95 92.1197 1613.61 0.984967
leadmm..txt 8 3 1e+009 0.95 2348.94 9880.05 0.973465
leadmm.txt 8 3 1e+009 0.95 2964.82 12122.1 0.966607
mcstas.txt 5 1 1e+009 0.95 202987 7.08478e+007 0.983015
mememast.txt 4 1 1e+009 0.95 43.5551 919.644 0.992909
molsci.txt 7 2 1e+009 0.95 368.683 10723.2 0.981309
motif_large.txt 505 500 1e+009 0.95 429.037 3.89248e+007 0.999988
motif_medium.txt 140 135 1e+009 0.95 5497.6 533994 0.990207
motif_small.txt 15 10 1e+009 0.95 4860.19 48413.3 0.998952
psload_large.txt 5086 1000 1e+009 0.95 37.0386 142913 0.999663
psload_medium.txt 491 100 1e+009 0.95 36.3553 15178.1 0.99976
psload_small.txt 6 1 1e+009 0.95 29.4322 160.46 0.981118
psmerge_medium.txt 843 195 1e+009 0.95 2379.2 1.28864e+008 0.999885
psmerge_small.txt 82 77 1e+009 0.95 9150.4 681438 0.971888
scoop_large..txt 103 100 1e+009 0.95 499.728 63130.2 0.970248
scoop_large.txt 103 100 1e+009 0.95 498.869 58647.7 0.972487
scoop_medium.txt 53 50 1e+009 0.95 638.358 41232.7 0.962229
scoop_small.txt 8 5 1e+009 0.95 596.951 3962.87 0.968732
