24
CyberShake_100.txt 102 48 14.8568 0.985 5.62667 27391.7 0.999948
CyberShake_50.txt 52 23 17.0987 0.985 8.717 23083.8 0.999957
Epigenomics_100.txt 102 24 1944.11 0.985 1203.39 5.71613e+06 0.999995
Epigenomics_24.txt 26 5 363.207 0.985 260.089 184305 0.996566
Epigenomics_46.txt 49 5 502.942 0.985 529.28 316635 0.989614
Inspiral_100.txt 102 11 86.7341 0.985 36.6497 278231 0.999476
Inspiral_1000.txt 1002 40 91.9813 0.985 55.6122 3.31097e+06 0.993787
Inspiral_30.txt 32 7 86.8915 0.985 35.7963 92657.5 0.999826
Inspiral_50.txt 52 12 91.8128 0.985 36.229 153060 0.999712
Montage_100.txt 102 62 4.60235 0.985 1.82107 15651.3 0.999971
Montage_1000.txt 1002 662 23.9788 0.985 9.87655 160024 0.999699
Montage_25.txt 27 9 3.0268 0.985 1.03105 2611.18 0.999995
Montage_50.txt 52 28 3.62878 0.985 1.53818 6579.72 0.999988
Sipht_100.txt 99 23 291.224 0.985 220.757 107120 0.987349
Sipht_1000.txt 970 32 345.903 0.985 343.312 1.22676e+06 0.986347
Sipht_30.txt 31 17 286.926 0.985 170.643 49506.9 0.990029
Sipht_60.txt 60 18 301.946 0.985 256.007 97021.8 0.986679
avianflu_large.txt 2004 2000 140.57 0.985 82.2368 5.15074e+07 0.999995
avianflu_medium.txt 1004 1000 140.57 0.985 73.6112 2.70287e+07 0.999997
avianflu_small.txt 104 100 140.57 0.985 88.7181 2.80413e+06 0.989809
cadsr.txt 6 2 1.30157 0.985 0.450895 239.542 1
motif_large.txt 505 500 591.564 0.985 375.606 3.94781e+07 0.999988
motif_medium.txt 140 135 591.564 0.985 391.855 1.06153e+07 0.999997
motif_small.txt 15 10 591.564 0.985 442.529 430204 0.997272
