44
CyberShake_100.txt 102 48 1e+009 0.99 112.127 1558.02 0.994266
CyberShake_50.txt 52 23 1e+009 0.99 135.586 997.766 0.993721
Epigenomics_100.txt 102 24 1e+009 0.99 1636.9 5.65969e+006 0.999995
Epigenomics_24.txt 26 5 1e+009 0.99 2376.86 16319.8 0.998288
Epigenomics_46.txt 49 5 1e+009 0.99 4060.89 44426.8 0.998678
Inspiral_100.txt 102 11 1e+009 0.99 711.187 75761.2 0.999504
Inspiral_1000.txt 1002 40 1e+009 0.99 835.653 1.50761e+006 0.998806
Inspiral_30.txt 32 7 1e+009 0.99 597.374 7616.89 0.993988
Inspiral_50.txt 52 12 1e+009 0.99 688.867 14451.2 0.994085
Montage_100.txt 102 62 1e+009 0.99 25.9239 4154.61 0.994494
Montage_1000.txt 1002 662 1e+009 0.99 87.5389 142882 0.992473
Montage_25.txt 27 9 1e+009 0.99 21.8292 519.212 0.993264
Montage_50.txt 52 28 1e+009 0.99 30.2422 658.106 0.989534
Sipht_100.txt 99 23 1e+009 0.99 1702.4 29565.1 0.994762
