44
CyberShake_100.txt 102 48 14.8568 0.999 13.8006 12201.4 0.999151
CyberShake_50.txt 52 23 17.0987 0.999 16.4718 8429.44 0.999315
Epigenomics_100.txt 102 24 1944.11 0.999 1287.06 5.6769e+006 0.999995
Epigenomics_24.txt 26 5 363.207 0.999 271.726 188870 0.999532
Epigenomics_46.txt 49 5 502.942 0.999 275.548 549615 1
Inspiral_100.txt 102 11 86.7341 0.999 70.9614 208064 0.999348
Inspiral_1000.txt 1002 40 91.9813 0.999 59.1569 3.20291e+006 1
Inspiral_30.txt 32 7 86.8915 0.999 64.6573 63896.3 0.999369
Inspiral_50.txt 52 12 91.8128 0.999 73.8103 137520 0.999261
Montage_100.txt 102 62 4.60235 0.999 3.99902 8746.46 0.999191
Montage_1000.txt 1002 662 23.9788 0.999 17.9521 147829 0.999139
Montage_25.txt 27 9 3.0268 0.999 2.43293 1472.45 0.999252
Montage_50.txt 52 28 3.62878 0.999 2.91385 5412.19 0.999211
Sipht_100.txt 99 23 291.224 0.999 241.29 131117 0.999299
Sipht_1000.txt 970 32 345.903 0.999 206.006 2.43944e+006 1
Sipht_30.txt 31 17 286.926 0.999 237.708 37054.2 0.99918
Sipht_60.txt 60 18 301.946 0.999 213.953 76279.3 0.999384
avianflu_large.txt 2004 2000 140.57 0.999 83.3548 5.26227e+007 0.999995
avianflu_medium.txt 1004 1000 140.57 0.999 77.9123 2.3891e+007 0.999998
avianflu_small.txt 104 100 140.57 0.999 61.693 2.24762e+006 1
cadsr.txt 6 2 1.30157 0.999 0.986368 253.23 0.999967
floodplain.txt 9 2 7614.19 0.999 4070.98 1.83186e+006 0.999997
gene2life.txt 10 2 35.1424 0.999 26.1464 9362.84 0.999429
glimmer.txt 6 1 6.3777 0.999 2.93534 889.832 0.999826
leadadas.txt 8 3 324.482 0.999 256.301 85413.3 0.999512
leaddm..txt 5 1 14.9681 0.999 11.1837 2537.39 0.999939
leaddm.txt 5 1 14.9681 0.999 8.1823 2223.52 0.999992
leadmm..txt 8 3 324.482 0.999 190.417 56725.8 0.999433
leadmm.txt 8 3 324.482 0.999 210.424 59430.1 0.999651
mcstas.txt 5 1 290276 0.999 98857.8 5.25192e+007 0.990884
mememast.txt 4 1 7.80942 0.999 3.73791 927.721 0.999996
molsci.txt 7 2 66.3801 0.999 41.3233 15456.2 0.999827
motif_large.txt 505 500 591.564 0.999 411.836 4.10412e+007 0.999987
motif_medium.txt 140 135 591.564 0.999 340.456 9.64698e+006 0.999997
motif_small.txt 15 10 591.564 0.999 381.165 790961 1
psload_large.txt 5086 1000 3.25393 0.999 2.336 1.45962e+006 1
psload_medium.txt 491 100 3.25393 0.999 3.34585 77332.6 0.999019
psload_small.txt 6 1 3.25393 0.999 2.10319 404.455 0.999998
psmerge_medium.txt 843 195 960.559 0.999 607.94 1.23876e+008 0.999929
psmerge_small.txt 82 77 960.559 0.999 541.744 1.22466e+007 0.999993
scoop_large..txt 103 100 58.6358 0.999 22.8312 979910 1
scoop_large.txt 103 100 58.6358 0.999 31.2474 1.41356e+006 1
scoop_medium.txt 53 50 58.6358 0.999 31.8217 679647 1
scoop_small.txt 8 5 58.6358 0.999 22.5257 54276.9 0.999504
