44
CyberShake_100.txt 102 48 1e+009 0.999238 105.931 12268.1 0.999864
CyberShake_50.txt 52 23 1e+009 0.971779 168.845 1021.52 0.978151
Epigenomics_100.txt 102 24 1e+009 0.980509 12977.4 3.52717e+006 0.999998
Epigenomics_24.txt 26 5 1e+009 0.977188 3089.65 20905.3 0.987406
Epigenomics_46.txt 49 5 1e+009 0.990211 4221.06 38472.2 0.997731
Inspiral_100.txt 102 11 1e+009 0.992684 693.832 70075.9 0.999952
Inspiral_1000.txt 1002 40 1e+009 0.965563 791.863 1.37504e+006 0.995675
Inspiral_30.txt 32 7 1e+009 0.999136 682.985 7774.53 0.999995
Inspiral_50.txt 52 12 1e+009 0.976898 849.415 15707.4 0.98684
Montage_100.txt 102 62 1e+009 0.99294 30.8397 2324.36 0.997367
Montage_1000.txt 1002 662 1e+009 0.968029 118.38 156733 0.975405
Montage_25.txt 27 9 1e+009 0.956147 30.9448 254.749 0.978334
Montage_50.txt 52 28 1e+009 0.996935 24.0901 611.501 0.999172
Sipht_100.txt 99 23 1e+009 0.963154 1925.73 30032.2 0.982122
Sipht_1000.txt 970 32 1e+009 0.982343 2987.5 298148 0.991677
Sipht_30.txt 31 17 1e+009 0.999923 883.021 52186.9 1
Sipht_60.txt 60 18 1e+009 0.98462 2149.55 16108.2 0.985937
avianflu_large.txt 2004 2000 1e+009 0.988087 81.3578 5.06566e+007 0.999995
avianflu_medium.txt 1004 1000 1e+009 0.986775 82.9969 2.74126e+007 0.999997
avianflu_small.txt 104 100 1e+009 0.990482 954.024 131397 0.999171
cadsr.txt 6 2 1e+009 0.990847 9.74912 76.8821 0.998367
floodplain.txt 9 2 1e+009 0.987267 32708 931170 0.998393
gene2life.txt 10 2 1e+009 0.991628 201.441 6450.69 0.99469
glimmer.txt 6 1 1e+009 0.992714 47.4314 174.711 0.999528
leadadas.txt 8 3 1e+009 0.962015 2155.92 17475.5 0.977988
leaddm..txt 5 1 1e+009 0.952026 77.9168 1315.36 0.987246
leaddm.txt 5 1 1e+009 0.999855 65.5136 1553.89 0.999934
leadmm..txt 8 3 1e+009 0.960469 2003.22 8774.5 0.98023
leadmm.txt 8 3 1e+009 0.956672 2651.66 10984.4 0.973187
mcstas.txt 5 1 1e+009 0.977396 156842 5.26669e+007 0.990149
mememast.txt 4 1 1e+009 0.966022 46.0962 806.942 0.992447
molsci.txt 7 2 1e+009 0.993246 320.585 9930.49 0.996038
motif_large.txt 505 500 1e+009 0.992605 1921.08 4.32562e+007 0.999986
motif_medium.txt 140 135 1e+009 0.97954 1973.06 9.64644e+006 0.999997
motif_small.txt 15 10 1e+009 0.991956 3864.67 39539.4 0.997752
psload_large.txt 5086 1000 1e+009 0.95757 37.116 150174 0.999776
psload_medium.txt 491 100 1e+009 0.983658 36.061 14615.2 0.99989
psload_small.txt 6 1 1e+009 0.998407 26.9832 205.29 0.999158
psmerge_medium.txt 843 195 1e+009 0.97674 2264.84 1.20172e+008 0.999934
psmerge_small.txt 82 77 1e+009 0.953826 7887.07 657432 0.994219
scoop_large..txt 103 100 1e+009 0.963584 601.393 76852.5 0.974549
scoop_large.txt 103 100 1e+009 0.978801 604.665 71198.5 0.985342
scoop_medium.txt 53 50 1e+009 0.975519 424.451 29751.2 0.986958
scoop_small.txt 8 5 1e+009 0.979521 585.472 4143.62 0.984762
