24
CyberShake_100.txt 102 48 14.8568 0.985 15.1822 9106.83 0.991078
CyberShake_50.txt 52 23 17.0987 0.985 11.8987 5582.52 0.987509
Epigenomics_100.txt 102 24 1944.11 0.985 1244.67 5.51781e+06 0.999995
Epigenomics_24.txt 26 5 363.207 0.985 259.094 120272 0.997159
Epigenomics_46.txt 49 5 502.942 0.985 457.118 303688 0.990411
Inspiral_100.txt 102 11 86.7341 0.985 78.7337 183011 0.989732
Inspiral_1000.txt 1002 40 91.9813 0.985 88.4687 2.61811e+06 0.988744
Inspiral_30.txt 32 7 86.8915 0.985 61.4224 46094.1 0.992303
Inspiral_50.txt 52 12 91.8128 0.985 84.2678 94258.4 0.990232
Montage_100.txt 102 62 4.60235 0.985 4.23669 7581.66 0.985065
Montage_1000.txt 1002 662 23.9788 0.985 19.7789 148243 0.989847
Montage_25.txt 27 9 3.0268 0.985 2.5418 1102.67 0.998599
Montage_50.txt 52 28 3.62878 0.985 3.50709 4937.15 0.997724
Sipht_100.txt 99 23 291.224 0.985 223.729 166411 0.98752
Sipht_1000.txt 970 32 345.903 0.985 336.774 1.20393e+06 0.989048
Sipht_30.txt 31 17 286.926 0.985 224.689 44496.9 0.990097
Sipht_60.txt 60 18 301.946 0.985 236.361 65913.6 0.991555
avianflu_large.txt 2004 2000 140.57 0.985 78.3109 5.53244e+07 0.999994
avianflu_medium.txt 1004 1000 140.57 0.985 83.7579 2.81266e+07 0.999997
avianflu_small.txt 104 100 140.57 0.985 78.3982 2.39603e+06 0.991299
cadsr.txt 6 2 1.30157 0.985 0.902151 121.446 0.999944
motif_large.txt 505 500 591.564 0.985 365.816 3.76759e+07 0.999989
motif_medium.txt 140 135 591.564 0.985 404.601 9.06563e+06 0.999998
motif_small.txt 15 10 591.564 0.985 460.481 542111 0.995514
