24
CyberShake_100.txt 102 48 14.8568 0.985 10.7647 12058.4 0.986041
CyberShake_50.txt 52 23 17.0987 0.985 14.7796 5750 0.987323
Epigenomics_100.txt 102 24 1944.11 0.985 1279.69 6.19177e+06 0.999994
Epigenomics_24.txt 26 5 363.207 0.985 283.239 151168 0.993497
Epigenomics_46.txt 49 5 502.942 0.985 453.739 295556 0.991801
Inspiral_100.txt 102 11 86.7341 0.985 69.3939 200714 0.989267
Inspiral_1000.txt 1002 40 91.9813 0.985 93.3437 2.58414e+06 0.990197
Inspiral_30.txt 32 7 86.8915 0.985 87.6689 45698.7 0.994065
Inspiral_50.txt 52 12 91.8128 0.985 75.2961 105041 0.991731
Montage_100.txt 102 62 4.60235 0.985 5.31707 6802.62 0.982681
Montage_1000.txt 1002 662 23.9788 0.985 22.1956 161686 0.994243
Montage_25.txt 27 9 3.0268 0.985 2.94754 1621.96 0.998546
Montage_50.txt 52 28 3.62878 0.985 3.45047 2792.89 0.998678
Sipht_100.txt 99 23 291.224 0.985 265.061 151087 0.989063
Sipht_1000.txt 970 32 345.903 0.985 323.511 1.29886e+06 0.987487
Sipht_30.txt 31 17 286.926 0.985 188.16 37182.7 0.988675
Sipht_60.txt 60 18 301.946 0.985 220.347 76331.9 0.990719
avianflu_large.txt 2004 2000 140.57 0.985 81.069 4.91592e+07 0.999995
avianflu_medium.txt 1004 1000 140.57 0.985 79.1801 2.48643e+07 0.999998
avianflu_small.txt 104 100 140.57 0.985 85.7931 2.80966e+06 0.990077
cadsr.txt 6 2 1.30157 0.985 0.901301 264.668 0.999954
motif_large.txt 505 500 591.564 0.985 369.344 3.52599e+07 0.99999
motif_medium.txt 140 135 591.564 0.985 329.941 1.00795e+07 0.999997
motif_small.txt 15 10 591.564 0.985 423.626 543120 0.995354
