24
CyberShake_100.txt 102 48 14.8568 0.985 15.1 10586.1 0.989387
CyberShake_50.txt 52 23 17.0987 0.985 19.4272 7945.52 0.985031
Epigenomics_100.txt 102 24 1944.11 0.985 1138.21 5.84716e+06 0.999994
Epigenomics_24.txt 26 5 363.207 0.985 247.053 147326 0.997048
Epigenomics_46.txt 49 5 502.942 0.985 400.263 282308 0.991618
Inspiral_100.txt 102 11 86.7341 0.985 73.5725 206533 0.990436
Inspiral_1000.txt 1002 40 91.9813 0.985 92.0112 2.64103e+06 0.990306
Inspiral_30.txt 32 7 86.8915 0.985 84.5712 39543 0.989052
Inspiral_50.txt 52 12 91.8128 0.985 68.3425 104109 0.994194
Montage_100.txt 102 62 4.60235 0.985 4.34174 5655.79 0.988537
Montage_1000.txt 1002 662 23.9788 0.985 18.5832 141021 0.989405
Montage_25.txt 27 9 3.0268 0.985 2.59281 2652.09 0.994164
Montage_50.txt 52 28 3.62878 0.985 2.68263 5286.49 0.998138
Sipht_100.txt 99 23 291.224 0.985 215.124 130415 0.99026
Sipht_1000.txt 970 32 345.903 0.985 327.726 1.26218e+06 0.989272
Sipht_30.txt 31 17 286.926 0.985 205.859 37165.4 0.987241
Sipht_60.txt 60 18 301.946 0.985 247.302 79654.4 0.990761
avianflu_large.txt 2004 2000 140.57 0.985 81.7328 5.23868e+07 0.999995
avianflu_medium.txt 1004 1000 140.57 0.985 80.9507 2.84935e+07 0.999997
avianflu_small.txt 104 100 140.57 0.985 99.59 3.09104e+06 0.989159
cadsr.txt 6 2 1.30157 0.985 1.28328 147.474 0.999918
motif_large.txt 505 500 591.564 0.985 453.751 3.60943e+07 0.99999
motif_medium.txt 140 135 591.564 0.985 344.439 1.11359e+07 0.999996
motif_small.txt 15 10 591.564 0.985 431.836 332313 0.997034
