44
CyberShake_100.txt 102 48 10.5449 0.999238 9.41586 13960.7 0.999506
CyberShake_50.txt 52 23 13.9071 0.971779 13.2457 7048.25 0.973193
Epigenomics_100.txt 102 24 1730.2 0.980509 1318.13 4.53613e+006 0.98826
Epigenomics_24.txt 26 5 355.688 0.977188 289.198 101384 0.989985
Epigenomics_46.txt 49 5 419.885 0.990211 366.154 352994 0.99273
Inspiral_100.txt 102 11 69.894 0.992684 56.7768 236372 0.994674
Inspiral_1000.txt 1002 40 81.0208 0.965563 81.427 2.73065e+006 0.974007
Inspiral_30.txt 32 7 82.3354 0.999136 64.2492 56360 0.999392
Inspiral_50.txt 52 12 61.2413 0.976898 54.3254 158093 0.983256
Montage_100.txt 102 62 3.70908 0.99294 3.35624 8935.12 0.995959
Montage_1000.txt 1002 662 22.9523 0.968029 19.8382 137881 0.97736
Montage_25.txt 27 9 2.17938 0.956147 2.19589 2066.26 0.999706
Montage_50.txt 52 28 2.6031 0.996935 1.96968 4584.28 0.998445
Sipht_100.txt 99 23 248.134 0.963154 198.828 115157 0.963982
Sipht_1000.txt 970 32 313.7 0.982343 333.331 1.40712e+006 0.985675
Sipht_30.txt 31 17 207.029 0.999923 158.505 78850 1
Sipht_60.txt 60 18 244.79 0.98462 171.287 104628 0.989273
avianflu_large.txt 2004 2000 127.243 0.988087 85.3705 5.20148e+007 0.999995
avianflu_medium.txt 1004 1000 117.089 0.986775 83.3391 2.7225e+007 0.999997
avianflu_small.txt 104 100 124.233 0.990482 62.349 2.35322e+006 0.995012
cadsr.txt 6 2 0.890288 0.990847 0.561167 130.206 0.999992
floodplain.txt 9 2 6975.05 0.987267 6076.26 1.29001e+006 0.990814
gene2life.txt 10 2 27.1874 0.991628 17.0423 12078.9 0.997966
glimmer.txt 6 1 4.56102 0.992714 3.01743 1445.79 0.999961
leadadas.txt 8 3 232.492 0.962015 171.642 86240 0.986538
leaddm..txt 5 1 13.024 0.952026 6.76259 1962.57 0.999993
leaddm.txt 5 1 12.148 0.999855 5.58275 2787.55 0.999954
leadmm..txt 8 3 232.155 0.960469 140.563 68793 0.994554
leadmm.txt 8 3 301.317 0.956672 157.853 49155.3 0.98764
mcstas.txt 5 1 225696 0.977396 119010 6.32251e+007 0.987443
mememast.txt 4 1 5.29132 0.966022 4.76116 1848.34 0.999821
molsci.txt 7 2 55.7936 0.993246 31.4377 15109.2 0.997842
motif_large.txt 505 500 557.838 0.992605 392.51 4.3181e+007 0.999986
motif_medium.txt 140 135 527.391 0.97954 367.222 1.16349e+007 0.999995
motif_small.txt 15 10 548.143 0.991956 389.167 828531 0.995002
psload_large.txt 5086 1000 2.36694 0.95757 2.61671 1.39438e+006 0.968433
psload_medium.txt 491 100 3.11197 0.983658 3.46605 80731.9 0.9962
psload_small.txt 6 1 2.31887 0.998407 1.69488 492.43 0.999853
psmerge_medium.txt 843 195 675.741 0.97674 570.104 1.28389e+008 0.999764
psmerge_small.txt 82 77 790.126 0.953826 613.508 1.45527e+007 0.964861
scoop_large..txt 103 100 41.9868 0.963584 27.5711 1.23785e+006 0.975395
scoop_large.txt 103 100 51.4142 0.978801 34.0448 1.36596e+006 0.984947
scoop_medium.txt 53 50 45.81 0.975519 28.6498 613857 0.983065
scoop_small.txt 8 5 51.9838 0.979521 30.2222 60209.2 0.986844
