44
CyberShake_100.txt 102 48 17.8281 0.99 12.386 10639.9 0.993688
CyberShake_50.txt 52 23 20.5185 0.99 19.0822 4594.71 0.991512
Epigenomics_100.txt 102 24 2332.93 0.99 1106.4 5.74887e+006 0.999995
Epigenomics_24.txt 26 5 435.848 0.99 332.473 114757 0.995731
Epigenomics_46.txt 49 5 603.531 0.99 505.226 252056 0.993072
Inspiral_100.txt 102 11 104.081 0.99 86.0167 188335 0.993781
Inspiral_1000.txt 1002 40 110.378 0.99 99.1661 2.6515e+006 0.997957
Inspiral_30.txt 32 7 104.27 0.99 86.1901 45148.4 0.991138
Inspiral_50.txt 52 12 110.175 0.99 91.7399 98443.6 0.991203
Montage_100.txt 102 62 5.52282 0.99 4.65377 6786.06 0.999671
Montage_1000.txt 1002 662 28.7746 0.99 25.2078 155114 0.995396
Montage_25.txt 27 9 3.63216 0.99 3.12345 1162.26 0.995636
Montage_50.txt 52 28 4.35453 0.99 4.84849 2385.4 0.999752
Sipht_100.txt 99 23 349.469 0.99 282.483 95236.3 0.992676
Sipht_1000.txt 970 32 415.084 0.99 386.449 1.36096e+006 0.993646
Sipht_30.txt 31 17 344.311 0.99 244.422 34586.3 0.993052
Sipht_60.txt 60 18 362.336 0.99 296.8 74191.6 0.992015
avianflu_large.txt 2004 2000 168.684 0.99 85.6596 4.96155e+007 0.999995
avianflu_medium.txt 1004 1000 168.684 0.99 72.6196 2.34587e+007 0.999998
avianflu_small.txt 104 100 168.684 0.99 105.912 1.93397e+006 0.994407
cadsr.txt 6 2 1.56188 0.99 1.43131 176.51 0.999856
floodplain.txt 9 2 9137.02 0.99 4302.53 972994 0.995555
gene2life.txt 10 2 42.1709 0.99 28.0103 8842.95 0.99626
glimmer.txt 6 1 7.65323 0.99 3.58709 636.526 0.999996
leadadas.txt 8 3 389.378 0.99 185.848 37290.9 0.999147
leaddm..txt 5 1 17.9617 0.99 10.6461 2418.54 0.999989
leaddm.txt 5 1 17.9617 0.99 11.8528 2251.52 0.999479
leadmm..txt 8 3 389.378 0.99 199.397 37129.3 0.996261
leadmm.txt 8 3 389.378 0.99 195.616 35749 0.996877
mcstas.txt 5 1 348332 0.99 107330 5.70202e+007 0.989675
mememast.txt 4 1 9.37131 0.99 6.70119 1311.72 0.999976
molsci.txt 7 2 79.6561 0.99 39.7477 12585.7 0.999127
motif_large.txt 505 500 709.877 0.99 420.201 3.71138e+007 0.999989
motif_medium.txt 140 135 709.877 0.99 339.83 9.75305e+006 0.999997
motif_small.txt 15 10 709.877 0.99 461.291 348794 0.997005
psload_large.txt 5086 1000 3.90471 0.99 4.17751 715736 0.990366
psload_medium.txt 491 100 3.90471 0.99 4.33505 65244.8 0.996337
psload_small.txt 6 1 3.90471 0.99 3.04086 362.747 0.999995
psmerge_medium.txt 843 195 1152.67 0.99 825.354 1.21673e+008 0.999931
psmerge_small.txt 82 77 1152.67 0.99 698.761 7.40941e+006 0.999997
scoop_large..txt 103 100 70.3629 0.99 46.233 711999 0.992678
scoop_large.txt 103 100 70.3629 0.99 44.7973 708962 0.992884
scoop_medium.txt 53 50 70.3629 0.99 41.9464 356360 0.995763
scoop_small.txt 8 5 70.3629 0.99 24.6667 20873.3 0.998728
