24
CyberShake_100.txt 102 48 14.8568 0.985 15.9166 10747.9 0.98693
CyberShake_50.txt 52 23 17.0987 0.985 13.2676 4872.53 0.988892
Epigenomics_100.txt 102 24 1944.11 0.985 1174.89 6.38584e+06 0.999993
Epigenomics_24.txt 26 5 363.207 0.985 254.447 163809 0.993376
Epigenomics_46.txt 49 5 502.942 0.985 359.13 309925 0.990346
Inspiral_100.txt 102 11 86.7341 0.985 67.0944 191918 0.990107
Inspiral_1000.txt 1002 40 91.9813 0.985 92.8194 2.73508e+06 0.991158
Inspiral_30.txt 32 7 86.8915 0.985 63.8738 47014.5 0.990261
Inspiral_50.txt 52 12 91.8128 0.985 65.49 83241.3 0.993729
Montage_100.txt 102 62 4.60235 0.985 3.87792 14116.7 0.990189
Montage_1000.txt 1002 662 23.9788 0.985 21.7486 160563 0.994064
Montage_25.txt 27 9 3.0268 0.985 2.42728 2856.91 0.998387
Montage_50.txt 52 28 3.62878 0.985 2.80858 5049.18 0.998972
Sipht_100.txt 99 23 291.224 0.985 244.825 132919 0.986649
Sipht_1000.txt 970 32 345.903 0.985 334.34 1.19954e+06 0.98815
Sipht_30.txt 31 17 286.926 0.985 215.238 52173 0.988343
Sipht_60.txt 60 18 301.946 0.985 213.125 103033 0.989779
avianflu_large.txt 2004 2000 140.57 0.985 81.4106 5.42102e+07 0.999994
avianflu_medium.txt 1004 1000 140.57 0.985 76.8767 2.82367e+07 0.999997
avianflu_small.txt 104 100 140.57 0.985 89.9041 2.84133e+06 0.990033
cadsr.txt 6 2 1.30157 0.985 0.68505 363.939 0.999999
motif_large.txt 505 500 591.564 0.985 375.537 3.43672e+07 0.999991
motif_medium.txt 140 135 591.564 0.985 318.3 1.01454e+07 0.999997
motif_small.txt 15 10 591.564 0.985 300.43 250713 0.997824
