24
CyberShake_100.txt 102 48 14.8568 0.985 6.03211 31890.9 0.99994
CyberShake_50.txt 52 23 17.0987 0.985 8.38902 22336.1 0.999958
Epigenomics_100.txt 102 24 1944.11 0.985 1111.1 5.54888e+06 0.999995
Epigenomics_24.txt 26 5 363.207 0.985 303.245 149677 0.996502
Epigenomics_46.txt 49 5 502.942 0.985 403.74 269508 0.991357
Inspiral_100.txt 102 11 86.7341 0.985 57.6132 239949 0.991847
Inspiral_1000.txt 1002 40 91.9813 0.985 99.6738 2.77098e+06 0.993725
Inspiral_30.txt 32 7 86.8915 0.985 56.3697 72632.8 0.994565
Inspiral_50.txt 52 12 91.8128 0.985 72.9237 62961.9 0.988556
Montage_100.txt 102 62 4.60235 0.985 1.8993 14390.6 0.999973
Montage_1000.txt 1002 662 23.9788 0.985 10.439 162440 0.999694
Montage_25.txt 27 9 3.0268 0.985 1.41469 3723.43 0.999993
Montage_50.txt 52 28 3.62878 0.985 1.44893 6882.19 0.999987
Sipht_100.txt 99 23 291.224 0.985 249.305 137358 0.986772
Sipht_1000.txt 970 32 345.903 0.985 373.587 1.28349e+06 0.985788
Sipht_30.txt 31 17 286.926 0.985 239.669 48049.9 0.995497
Sipht_60.txt 60 18 301.946 0.985 279.9 80719.4 0.986092
avianflu_large.txt 2004 2000 140.57 0.985 66.5667 4.58513e+07 0.999996
avianflu_medium.txt 1004 1000 140.57 0.985 80.1681 2.96399e+07 0.999997
avianflu_small.txt 104 100 140.57 0.985 69.82 2.28644e+06 0.991883
cadsr.txt 6 2 1.30157 0.985 0.470895 250.168 1
motif_large.txt 505 500 591.564 0.985 381.775 4.02609e+07 0.999988
motif_medium.txt 140 135 591.564 0.985 402.071 8.80182e+06 0.999998
motif_small.txt 15 10 591.564 0.985 436.284 406611 0.997416
