44
CyberShake_100.txt 102 48 1e+009 0.99 140.169 1641.95 0.992948
CyberShake_50.txt 52 23 1e+009 0.99 147.476 920.827 0.993883
Epigenomics_100.txt 102 24 1e+009 0.99 1246.87 5.72941e+006 0.999994
Epigenomics_24.txt 26 5 1e+009 0.99 2841.42 18964.1 0.997979
Epigenomics_46.txt 49 5 1e+009 0.99 3528.21 49282.7 0.998707
Inspiral_100.txt 102 11 1e+009 0.99 682.37 81209 0.999701
Inspiral_1000.txt 1002 40 1e+009 0.99 623.537 1.63833e+006 0.999337
Inspiral_30.txt 32 7 1e+009 0.99 623.326 6899.72 0.99503
Inspiral_50.txt 52 12 1e+009 0.99 603.964 13936 0.996292
Montage_100.txt 102 62 1e+009 0.99 29.5863 1683.16 0.993491
Montage_1000.txt 1002 662 1e+009 0.99 77.3474 170794 0.993571
Montage_25.txt 27 9 1e+009 0.99 28.2206 282.658 0.992751
Montage_50.txt 52 28 1e+009 0.99 24.6348 1093.57 0.992037
Sipht_100.txt 99 23 1e+009 0.99 2169.14 28940.8 0.99396
Sipht_1000.txt 970 32 1e+009 0.99 2915.57 308755 0.996759
Sipht_30.txt 31 17 1e+009 0.99 1651.77 9400.06 0.991256
Sipht_60.txt 60 18 1e+009 0.99 2283.55 16936.2 0.992525
avianflu_large.txt 2004 2000 1e+009 0.99 87.4826 4.79615e+007 0.999995
avianflu_medium.txt 1004 1000 1e+009 0.99 81.3088 2.69598e+007 0.999997
avianflu_small.txt 104 100 1e+009 0.99 1218.98 156099 0.999073
cadsr.txt 6 2 1e+009 0.99 12.3425 92.2469 0.997932
floodplain.txt 9 2 1e+009 0.99 28338.7 748239 0.997823
gene2life.txt 10 2 1e+009 0.99 214.981 7484.68 0.9928
glimmer.txt 6 1 1e+009 0.99 41.0962 146.946 0.996276
leadadas.txt 8 3 1e+009 0.99 1871 12411.7 0.99931
leaddm..txt 5 1 1e+009 0.99 64.693 1378.43 0.999375
leaddm.txt 5 1 1e+009 0.99 72.3815 1583.21 0.999302
leadmm..txt 8 3 1e+009 0.99 1652.74 9849.45 0.997038
leadmm.txt 8 3 1e+009 0.99 1755 10293.6 0.996954
mcstas.txt 5 1 1e+009 0.99 102014 5.41959e+007 0.990633
mememast.txt 4 1 1e+009 0.99 37.2943 903.5 0.996751
molsci.txt 7 2 1e+009 0.99 271.207 9250.92 0.996543
motif_large.txt 505 500 1e+009 0.99 1848.68 3.57585e+007 0.99999
motif_medium.txt 140 135 1e+009 0.99 1478.73 9.30395e+006 0.999998
motif_small.txt 15 10 1e+009 0.99 5278.16 46185.1 0.996921
psload_large.txt 5086 1000 1e+009 0.99 34.9168 150963 0.999858
psload_medium.txt 491 100 1e+009 0.99 36.6189 18871.5 0.999917
psload_small.txt 6 1 1e+009 0.99 26.124 165.323 0.995618
psmerge_medium.txt 843 195 1e+009 0.99 761.8 1.18353e+008 0.999935
psmerge_small.txt 82 77 1e+009 0.99 2361.84 9.95243e+006 0.999995
scoop_large..txt 103 100 1e+009 0.99 494.627 59817.4 0.994815
scoop_large.txt 103 100 1e+009 0.99 557.667 66915.5 0.992618
scoop_medium.txt 53 50 1e+009 0.99 503.881 31383.2 0.993233
scoop_small.txt 8 5 1e+009 0.99 501.896 3552.12 0.991848
