24
CyberShake_100.txt 102 48 14.8568 0.985 12.462 11977.4 0.988759
CyberShake_50.txt 52 23 17.0987 0.985 13.1785 12055.6 0.991007
Epigenomics_100.txt 102 24 1944.11 0.985 1423.56 6.68014e+06 0.999993
Epigenomics_24.txt 26 5 363.207 0.985 294.356 171528 0.992591
Epigenomics_46.txt 49 5 502.942 0.985 391.57 338435 0.990003
Inspiral_100.txt 102 11 86.7341 0.985 85.7399 165094 0.993988
Inspiral_1000.txt 1002 40 91.9813 0.985 91.4313 2.60237e+06 0.990066
Inspiral_30.txt 32 7 86.8915 0.985 78.6522 39782.3 0.988172
Inspiral_50.txt 52 12 91.8128 0.985 65.347 105399 0.989891
Montage_100.txt 102 62 4.60235 0.985 4.04322 6407.63 0.986795
Montage_1000.txt 1002 662 23.9788 0.985 19.7285 108659 0.997614
Montage_25.txt 27 9 3.0268 0.985 2.81957 2044.34 0.997807
Montage_50.txt 52 28 3.62878 0.985 3.85762 3421.47 0.996117
Sipht_100.txt 99 23 291.224 0.985 226.955 136178 0.98896
Sipht_1000.txt 970 32 345.903 0.985 279.238 1.144e+06 0.988865
Sipht_30.txt 31 17 286.926 0.985 232.377 45702 0.989731
Sipht_60.txt 60 18 301.946 0.985 265.671 78952.4 0.989583
avianflu_large.txt 2004 2000 140.57 0.985 83.1573 5.12823e+07 0.999995
avianflu_medium.txt 1004 1000 140.57 0.985 77.6523 2.36478e+07 0.999998
avianflu_small.txt 104 100 140.57 0.985 80.1277 2.73149e+06 0.990788
cadsr.txt 6 2 1.30157 0.985 0.964894 198.135 0.999985
motif_large.txt 505 500 591.564 0.985 400.568 3.65028e+07 0.99999
motif_medium.txt 140 135 591.564 0.985 363.582 1.01528e+07 0.999997
motif_small.txt 15 10 591.564 0.985 417.742 535974 0.995419
