44
CyberShake_100.txt 102 48 14.8568 0.95 12.145 14066.7 0.958101
CyberShake_50.txt 52 23 17.0987 0.95 13.3054 7695.81 0.96903
Epigenomics_100.txt 102 24 1944.11 0.95 1597.55 4.04428e+006 0.967412
Epigenomics_24.txt 26 5 363.207 0.95 247.352 144019 0.985208
Epigenomics_46.txt 49 5 502.942 0.95 428.555 290978 0.967021
Inspiral_100.txt 102 11 86.7341 0.95 87.0954 176261 0.959258
Inspiral_1000.txt 1002 40 91.9813 0.95 92.3736 2.62025e+006 0.968094
Inspiral_30.txt 32 7 86.8915 0.95 74.9912 49415.6 0.963023
Inspiral_50.txt 52 12 91.8128 0.95 83.6692 79840.2 0.969874
Montage_100.txt 102 62 4.60235 0.95 4.26841 6547.45 0.986219
Montage_1000.txt 1002 662 23.9788 0.95 20.9443 125091 0.984003
Montage_25.txt 27 9 3.0268 0.95 3.7034 1592.3 0.997982
Montage_50.txt 52 28 3.62878 0.95 2.93827 2946.11 0.997836
Sipht_100.txt 99 23 291.224 0.95 266.099 122392 0.953519
Sipht_1000.txt 970 32 345.903 0.95 340.718 1.20647e+006 0.950991
Sipht_30.txt 31 17 286.926 0.95 224.241 36308.9 0.96334
Sipht_60.txt 60 18 301.946 0.95 305.124 89782 0.950631
avianflu_large.txt 2004 2000 140.57 0.95 85.396 5.25426e+007 0.999995
avianflu_medium.txt 1004 1000 140.57 0.95 82.5539 2.4806e+007 0.999998
avianflu_small.txt 104 100 140.57 0.95 82.4506 2.57072e+006 0.972293
cadsr.txt 6 2 1.30157 0.95 1.03503 293.626 0.999959
floodplain.txt 9 2 7614.19 0.95 5131.04 1.00612e+006 0.984556
gene2life.txt 10 2 35.1424 0.95 25.1129 9685.24 0.999338
glimmer.txt 6 1 6.3777 0.95 3.90272 1179.88 0.999768
leadadas.txt 8 3 324.482 0.95 208.66 66562 0.97746
leaddm..txt 5 1 14.9681 0.95 8.77432 2430.59 0.999991
leaddm.txt 5 1 14.9681 0.95 8.81538 2395.56 0.999991
leadmm..txt 8 3 324.482 0.95 252.33 78263.7 0.980211
leadmm.txt 8 3 324.482 0.95 201.753 62492.2 0.984354
mcstas.txt 5 1 290276 0.95 234574 7.98201e+007 0.979173
mememast.txt 4 1 7.80942 0.95 5.12992 1273.21 0.999995
molsci.txt 7 2 66.3801 0.95 50.8647 17048 0.983756
motif_large.txt 505 500 591.564 0.95 380.4 3.54865e+007 0.999983
motif_medium.txt 140 135 591.564 0.95 494.172 6.78462e+006 0.969468
motif_small.txt 15 10 591.564 0.95 396.043 515651 0.987219
psload_large.txt 5086 1000 3.25393 0.95 3.6711 815193 0.962418
psload_medium.txt 491 100 3.25393 0.95 3.59631 79997.6 0.99565
psload_small.txt 6 1 3.25393 0.95 2.24418 330.188 0.999998
psmerge_medium.txt 843 195 960.559 0.95 632.199 1.31192e+008 0.99992
psmerge_small.txt 82 77 960.559 0.95 630.898 9.91765e+006 0.974184
scoop_large..txt 103 100 58.6358 0.95 34.8243 1.15044e+006 0.967846
scoop_large.txt 103 100 58.6358 0.95 37.5079 1.21832e+006 0.966216
scoop_medium.txt 53 50 58.6358 0.95 42.2227 618101 0.965752
scoop_small.txt 8 5 58.6358 0.95 29.9752 42029.4 0.989436
