44
CyberShake_100.txt 102 48 1e+009 0.9 123.803 1408.39 0.942335
CyberShake_50.txt 52 23 1e+009 0.9 181.454 893.726 0.92568
Epigenomics_100.txt 102 24 1e+009 0.9 16513.4 2.92453e+006 0.990643
Epigenomics_24.txt 26 5 1e+009 0.9 3320.64 17194.2 0.935528
Epigenomics_46.txt 49 5 1e+009 0.9 4723.48 39914.5 0.938668
Inspiral_100.txt 102 11 1e+009 0.9 806.976 65513.3 0.989477
Inspiral_1000.txt 1002 40 1e+009 0.9 786.242 1.37347e+006 0.992845
Inspiral_30.txt 32 7 1e+009 0.9 832.487 7006.12 0.926465
Inspiral_50.txt 52 12 1e+009 0.9 913.345 13671.6 0.914382
Montage_100.txt 102 62 1e+009 0.9 38.7426 2491.46 0.948006
Montage_1000.txt 1002 662 1e+009 0.9 102.619 138857 0.926697
Montage_25.txt 27 9 1e+009 0.9 35.1289 258.016 0.927367
Montage_50.txt 52 28 1e+009 0.9 35.3799 532.052 0.923356
Sipht_100.txt 99 23 1e+009 0.9 1765.84 31011.6 0.95224
Sipht_1000.txt 970 32 1e+009 0.9 3282 313496 0.934182
Sipht_30.txt 31 17 1e+009 0.9 2376.94 12156.4 0.93021
Sipht_60.txt 60 18 1e+009 0.9 2279.58 14963 0.923182
avianflu_large.txt 2004 2000 1e+009 0.9 80.4405 4.8702e+007 0.999995
avianflu_medium.txt 1004 1000 1e+009 0.9 1420.46 1.43749e+006 0.992215
avianflu_small.txt 104 100 1e+009 0.9 1181.57 143882 0.996735
cadsr.txt 6 2 1e+009 0.9 14.3477 86.3804 0.975105
floodplain.txt 9 2 1e+009 0.9 26751.4 702173 0.957584
gene2life.txt 10 2 1e+009 0.9 230.809 6057.64 0.945787
glimmer.txt 6 1 1e+009 0.9 64.7931 195.019 0.989104
leadadas.txt 8 3 1e+009 0.9 2554.13 12544.3 0.965377
leaddm..txt 5 1 1e+009 0.9 92.2585 1736.97 0.984986
leaddm.txt 5 1 1e+009 0.9 132.238 2207.32 0.97844
leadmm..txt 8 3 1e+009 0.9 2896.6 12508.7 0.967369
leadmm.txt 8 3 1e+009 0.9 2409.31 9370.24 0.973313
mcstas.txt 5 1 1e+009 0.9 155782 5.60359e+007 0.988957
mememast.txt 4 1 1e+009 0.9 45.8939 969.026 0.992531
molsci.txt 7 2 1e+009 0.9 333.503 9262.58 0.959737
motif_large.txt 505 500 1e+009 0.9 2073.91 4.03773e+007 0.951082
motif_medium.txt 140 135 1e+009 0.9 5350.91 684707 0.980506
motif_small.txt 15 10 1e+009 0.9 4071.31 40184.7 0.965712
psload_large.txt 5086 1000 1e+009 0.9 43.0808 150381 0.990606
psload_medium.txt 491 100 1e+009 0.9 42.2305 13779.3 0.997048
psload_small.txt 6 1 1e+009 0.9 27.8683 111.076 0.952024
psmerge_medium.txt 843 195 1e+009 0.9 2213.55 1.30262e+008 0.999811
psmerge_small.txt 82 77 1e+009 0.9 9438.11 609991 0.958471
scoop_large..txt 103 100 1e+009 0.9 684.578 71333.9 0.931697
scoop_large.txt 103 100 1e+009 0.9 691.412 79111.5 0.919808
scoop_medium.txt 53 50 1e+009 0.9 631.582 37107.3 0.931666
scoop_small.txt 8 5 1e+009 0.9 408.196 2510.74 0.951469
