24
CyberShake_100.txt 102 48 14.8568 0.985 11.0729 7324.42 0.990643
CyberShake_50.txt 52 23 17.0987 0.985 13.4724 4927.48 0.986004
Epigenomics_100.txt 102 24 1944.11 0.985 1294.93 5.72119e+06 0.999994
Epigenomics_24.txt 26 5 363.207 0.985 213.784 108801 0.997506
Epigenomics_46.txt 49 5 502.942 0.985 469.695 372672 0.98825
Inspiral_100.txt 102 11 86.7341 0.985 78.5085 163609 0.989391
Inspiral_1000.txt 1002 40 91.9813 0.985 93.3868 2.73032e+06 0.990762
Inspiral_30.txt 32 7 86.8915 0.985 69.7364 44450.6 0.993038
Inspiral_50.txt 52 12 91.8128 0.985 72.4051 116831 0.991037
Montage_100.txt 102 62 4.60235 0.985 2.3744 16442.5 0.999969
Montage_1000.txt 1002 662 23.9788 0.985 20.7241 163286 0.99453
Montage_25.txt 27 9 3.0268 0.985 1.59142 4252.07 0.999992
Montage_50.txt 52 28 3.62878 0.985 1.38402 6663.95 0.999987
Sipht_100.txt 99 23 291.224 0.985 191.968 105918 0.98932
Sipht_1000.txt 970 32 345.903 0.985 337.419 1.35733e+06 0.988642
Sipht_30.txt 31 17 286.926 0.985 178.308 26867.5 0.990116
Sipht_60.txt 60 18 301.946 0.985 204.663 59737.6 0.992107
avianflu_large.txt 2004 2000 140.57 0.985 80.8366 5.34896e+07 0.999994
avianflu_medium.txt 1004 1000 140.57 0.985 82.9001 2.65288e+07 0.999997
avianflu_small.txt 104 100 140.57 0.985 89.2517 2.81164e+06 0.990036
cadsr.txt 6 2 1.30157 0.985 0.411121 218.412 1
motif_large.txt 505 500 591.564 0.985 424.217 4.18508e+07 0.999987
motif_medium.txt 140 135 591.564 0.985 437.692 1.29041e+07 0.999995
motif_small.txt 15 10 591.564 0.985 473.103 394811 0.996577
