24
CyberShake_100.txt 102 48 14.8568 0.985 13.0588 7375.71 0.984605
CyberShake_50.txt 52 23 17.0987 0.985 15.0812 5544.32 0.986158
Epigenomics_100.txt 102 24 1944.11 0.985 977.569 4.50222e+06 0.999994
Epigenomics_24.txt 26 5 363.207 0.985 223.073 147725 0.993574
Epigenomics_46.txt 49 5 502.942 0.985 464.891 357328 0.989201
Inspiral_100.txt 102 11 86.7341 0.985 65.8206 201665 0.989608
Inspiral_1000.txt 1002 40 91.9813 0.985 91.7873 2.68353e+06 0.989029
Inspiral_30.txt 32 7 86.8915 0.985 57.9748 36809.5 0.991837
Inspiral_50.txt 52 12 91.8128 0.985 76.7528 71925 0.994164
Montage_100.txt 102 62 4.60235 0.985 1.64584 15327.7 0.999971
Montage_1000.txt 1002 662 23.9788 0.985 22.1818 172112 0.994195
Montage_25.txt 27 9 3.0268 0.985 1.39428 3578.75 0.999993
Montage_50.txt 52 28 3.62878 0.985 1.42789 6989.46 0.999987
Sipht_100.txt 99 23 291.224 0.985 230.167 107417 0.98955
Sipht_1000.txt 970 32 345.903 0.985 307.333 1.46771e+06 0.988879
Sipht_30.txt 31 17 286.926 0.985 254.927 50569.7 0.988972
Sipht_60.txt 60 18 301.946 0.985 230.435 75253.8 0.988348
avianflu_large.txt 2004 2000 140.57 0.985 76.664 5.05661e+07 0.999995
avianflu_medium.txt 1004 1000 140.57 0.985 69.2252 2.65705e+07 0.999997
avianflu_small.txt 104 100 140.57 0.985 70.3221 2.28725e+06 0.99188
cadsr.txt 6 2 1.30157 0.985 0.409212 217.398 1
motif_large.txt 505 500 591.564 0.985 420.045 3.32856e+07 0.999991
motif_medium.txt 140 135 591.564 0.985 438.147 1.04263e+07 0.999997
motif_small.txt 15 10 591.564 0.985 399.606 510586 0.99561
