24
CyberShake_100.txt 102 48 14.8568 0.985 14.0638 9061.2 0.983834
CyberShake_50.txt 52 23 17.0987 0.985 14.8796 6749.43 0.987018
Epigenomics_100.txt 102 24 1944.11 0.985 1003.49 5.95271e+06 0.999994
Epigenomics_24.txt 26 5 363.207 0.985 263.119 131732 0.996945
Epigenomics_46.txt 49 5 502.942 0.985 343.023 226325 0.992949
Inspiral_100.txt 102 11 86.7341 0.985 71.3915 233191 0.990568
Inspiral_1000.txt 1002 40 91.9813 0.985 91.5428 2.63599e+06 0.990991
Inspiral_30.txt 32 7 86.8915 0.985 56.4552 40275.4 0.991371
Inspiral_50.txt 52 12 91.8128 0.985 81.2433 81948 0.991118
Montage_100.txt 102 62 4.60235 0.985 3.52689 5267.48 0.991776
Montage_1000.txt 1002 662 23.9788 0.985 23.7661 154662 0.989935
Montage_25.txt 27 9 3.0268 0.985 2.39723 3488.4 0.998217
Montage_50.txt 52 28 3.62878 0.985 3.59149 2317.01 0.990424
Sipht_100.txt 99 23 291.224 0.985 234.272 118035 0.991866
Sipht_1000.txt 970 32 345.903 0.985 314.969 1.07264e+06 0.992101
Sipht_30.txt 31 17 286.926 0.985 178.57 42316.5 0.990464
Sipht_60.txt 60 18 301.946 0.985 243.101 79814.6 0.991528
avianflu_large.txt 2004 2000 140.57 0.985 76.0307 5.00841e+07 0.999995
avianflu_medium.txt 1004 1000 140.57 0.985 77.3086 2.60568e+07 0.999997
avianflu_small.txt 104 100 140.57 0.985 94.6227 3.06074e+06 0.989069
cadsr.txt 6 2 1.30157 0.985 0.495363 263.166 1
motif_large.txt 505 500 591.564 0.985 459.992 4.52557e+07 0.999984
motif_medium.txt 140 135 591.564 0.985 340.932 9.62977e+06 0.999997
motif_small.txt 15 10 591.564 0.985 402.648 532469 0.995635
