44
CyberShake_100.txt 102 48 24.7613 0.977733 23.5912 6882.29 0.983811
CyberShake_50.txt 52 23 28.4979 0.973663 26.0955 4672.9 0.975953
Epigenomics_100.txt 102 24 3240.18 0.978925 2280.3 4.76529e+006 0.994628
Epigenomics_24.txt 26 5 605.344 0.950037 502.354 77445.6 0.962856
Epigenomics_46.txt 49 5 838.237 0.990792 736.629 240152 0.995089
Inspiral_100.txt 102 11 144.557 0.955529 112.873 134388 0.976262
Inspiral_1000.txt 1002 40 153.302 0.951542 149.09 2.17594e+006 0.991454
Inspiral_30.txt 32 7 144.819 0.994182 104.857 33391.9 0.99559
Inspiral_50.txt 52 12 153.021 0.951679 109.688 76157 0.966667
Montage_100.txt 102 62 7.67059 0.955651 6.39198 4207.01 0.972108
Montage_1000.txt 1002 662 39.9647 0.964074 33.4857 156075 0.989696
Montage_25.txt 27 9 5.04467 0.98424 4.50295 1065.51 0.998459
Montage_50.txt 52 28 6.04796 0.963132 4.97934 1684.23 0.999336
Sipht_100.txt 99 23 485.374 0.958028 396.154 67930.7 0.97347
Sipht_1000.txt 970 32 576.505 0.980248 497.979 1.33086e+006 0.986948
Sipht_30.txt 31 17 478.21 0.984751 371.669 40921 0.988154
Sipht_60.txt 60 18 503.244 0.966059 414.018 48749.4 0.966694
avianflu_large.txt 2004 2000 234.283 0.969057 82.4509 5.15094e+007 0.999995
avianflu_medium.txt 1004 1000 234.283 0.980709 83.0359 2.74917e+007 0.999997
avianflu_small.txt 104 100 234.283 0.974972 130.421 857998 0.988734
cadsr.txt 6 2 2.16928 0.97096 1.60906 185.181 0.999938
floodplain.txt 9 2 12690.3 0.981092 8718.4 1.32152e+006 0.986172
gene2life.txt 10 2 58.5707 0.951926 60.9282 10244.4 0.967638
glimmer.txt 6 1 10.6295 0.98137 5.70044 548.356 0.997483
leadadas.txt 8 3 540.803 0.951984 358.62 40692.8 0.968128
leaddm..txt 5 1 24.9468 0.992777 10.4961 1623.77 0.999165
leaddm.txt 5 1 24.9468 0.969904 12.0708 1605.65 0.9956
leadmm..txt 8 3 540.803 0.974335 253.028 35498.9 0.996135
leadmm.txt 8 3 540.803 0.989148 213.377 29507 0.996856
mcstas.txt 5 1 483794 0.959802 180866 5.85288e+007 0.988009
mememast.txt 4 1 13.0157 0.96161 8.3891 1034.71 0.999981
molsci.txt 7 2 110.633 0.960649 54.4503 11026.2 0.98161
motif_large.txt 505 500 985.94 0.955088 376.145 3.70739e+007 0.99999
motif_medium.txt 140 135 985.94 0.969592 492.243 1.18466e+007 0.979842
motif_small.txt 15 10 985.94 0.995642 785.349 344519 0.996692
psload_large.txt 5086 1000 5.42321 0.972588 5.51144 1.18803e+006 0.998466
psload_medium.txt 491 100 5.42321 0.960223 5.31714 68015.7 0.991061
psload_small.txt 6 1 5.42321 0.970641 3.41496 255.099 0.999733
psmerge_medium.txt 843 195 1600.93 0.980186 898.919 1.33894e+008 0.999904
psmerge_small.txt 82 77 1600.93 0.958653 1242.86 5.55073e+006 0.973471
scoop_large..txt 103 100 97.7263 0.984008 68.5319 560953 0.988414
scoop_large.txt 103 100 97.7263 0.995948 68.6681 604123 0.996489
scoop_medium.txt 53 50 97.7263 0.991699 63.4202 285109 0.995116
scoop_small.txt 8 5 97.7263 0.987291 50.0867 23552.6 0.993103
