44
CyberShake_100.txt 102 48 13.8663 0.987881 12.3626 11568.7 0.991776
CyberShake_50.txt 52 23 15.9588 0.980469 17.5085 7093.63 0.982793
Epigenomics_100.txt 102 24 1814.5 0.985067 1153.22 5.84067e+006 0.999994
Epigenomics_24.txt 26 5 338.993 0.953898 301.607 133638 0.977231
Epigenomics_46.txt 49 5 469.413 0.977329 323.747 291051 0.98787
Inspiral_100.txt 102 11 80.9518 0.958835 79.1392 170162 0.973527
Inspiral_1000.txt 1002 40 85.8492 0.966073 91.7521 2.6493e+006 0.976026
Inspiral_30.txt 32 7 81.0988 0.977154 61.5712 47944.5 0.985894
Inspiral_50.txt 52 12 85.6919 0.96939 75.5474 96883.1 0.974595
Montage_100.txt 102 62 4.29553 0.962201 3.63481 6867.92 0.997921
Montage_1000.txt 1002 662 22.3802 0.95582 19.4415 132923 0.980575
Montage_25.txt 27 9 2.82502 0.977441 2.40494 1856.75 0.999742
Montage_50.txt 52 28 3.38686 0.999795 2.58333 3471.74 0.999808
Sipht_100.txt 99 23 271.809 0.961594 209.242 98631.5 0.974764
Sipht_1000.txt 970 32 322.843 0.971819 321.234 1.34782e+006 0.982756
Sipht_30.txt 31 17 267.798 0.966659 181.96 52288.5 0.9755
Sipht_60.txt 60 18 281.817 0.998095 197.125 103434 0.99876
avianflu_large.txt 2004 2000 131.198 0.972164 81.3468 5.19279e+007 0.999995
avianflu_medium.txt 1004 1000 131.198 0.953946 78.4582 2.55376e+007 0.999997
avianflu_small.txt 104 100 131.198 0.973475 81.5848 2.53201e+006 0.983443
cadsr.txt 6 2 1.2148 0.974207 1.49714 171.218 0.99995
floodplain.txt 9 2 7106.57 0.969509 6198.42 1.7809e+006 0.980257
gene2life.txt 10 2 32.7996 0.987958 20.9305 7943.86 0.999411
glimmer.txt 6 1 5.95252 0.983227 4.77034 1442.18 0.999716
leadadas.txt 8 3 302.849 0.962136 131.711 43116 0.984404
leaddm..txt 5 1 13.9702 0.954464 7.15775 2043.41 0.999504
leaddm.txt 5 1 13.9702 0.966377 7.48571 2800.94 0.999692
leadmm..txt 8 3 302.849 0.99353 130.263 63874 0.997704
leadmm.txt 8 3 302.849 0.984061 161.968 79100.4 0.993923
mcstas.txt 5 1 270925 0.96471 148681 6.78107e+007 0.985379
mememast.txt 4 1 7.28879 0.960145 5.09605 1547.43 0.999994
molsci.txt 7 2 61.9548 0.97132 32.6218 15542.9 0.985635
motif_large.txt 505 500 552.126 0.950624 377.668 3.8563e+007 0.999989
motif_medium.txt 140 135 552.126 0.989117 384.594 1.21012e+007 0.999996
motif_small.txt 15 10 552.126 0.964782 368.304 606518 0.982866
psload_large.txt 5086 1000 3.037 0.955952 3.3095 1.38072e+006 0.971207
psload_medium.txt 491 100 3.037 0.995438 3.02481 126646 0.995865
psload_small.txt 6 1 3.037 0.970096 2.2538 485.798 0.999519
psmerge_medium.txt 843 195 896.522 0.997582 611.097 1.21455e+008 0.99993
psmerge_small.txt 82 77 896.522 0.99591 628.134 1.19724e+007 0.999991
scoop_large..txt 103 100 54.7267 0.97829 30.0626 1.27321e+006 0.98514
scoop_large.txt 103 100 54.7267 0.989211 28.1219 1.17062e+006 0.992167
scoop_medium.txt 53 50 54.7267 0.980793 24.7849 529514 0.989026
scoop_small.txt 8 5 54.7267 0.995641 28.7055 66295.4 0.997943
