24
CyberShake_100.txt 102 48 14.8568 0.985 5.76753 29512.1 0.999944
CyberShake_50.txt 52 23 17.0987 0.985 7.16267 19645.8 0.999963
Epigenomics_100.txt 102 24 1944.11 0.985 1107.85 5.57729e+06 0.999995
Epigenomics_24.txt 26 5 363.207 0.985 309.379 130884 0.997237
Epigenomics_46.txt 49 5 502.942 0.985 412.66 374440 0.988629
Inspiral_100.txt 102 11 86.7341 0.985 77.6425 207601 0.987401
Inspiral_1000.txt 1002 40 91.9813 0.985 86.2239 2.78176e+06 0.989258
Inspiral_30.txt 32 7 86.8915 0.985 52.4157 45286.1 0.992027
Inspiral_50.txt 52 12 91.8128 0.985 60.7899 74226 0.992469
Montage_100.txt 102 62 4.60235 0.985 1.81033 17407.9 0.999967
Montage_1000.txt 1002 662 23.9788 0.985 9.91811 163426 0.999692
Montage_25.txt 27 9 3.0268 0.985 1.11177 2906.2 0.999995
Montage_50.txt 52 28 3.62878 0.985 1.20299 5365.09 0.99999
Sipht_100.txt 99 23 291.224 0.985 178.963 95989.5 0.991239
Sipht_1000.txt 970 32 345.903 0.985 339.181 1.15074e+06 0.988427
Sipht_30.txt 31 17 286.926 0.985 220.068 34087.4 0.989247
Sipht_60.txt 60 18 301.946 0.985 242.471 82662.5 0.986632
avianflu_large.txt 2004 2000 140.57 0.985 78.1891 4.86771e+07 0.999995
avianflu_medium.txt 1004 1000 140.57 0.985 74.3609 2.38231e+07 0.999998
avianflu_small.txt 104 100 140.57 0.985 82.0884 2.67533e+06 0.990644
cadsr.txt 6 2 1.30157 0.985 0.462558 245.739 1
motif_large.txt 505 500 591.564 0.985 334.14 3.41455e+07 0.999991
motif_medium.txt 140 135 591.564 0.985 351.314 1.13496e+07 0.999996
motif_small.txt 15 10 591.564 0.985 454.934 394077 0.996656
