44
CyberShake_100.txt 102 48 10.895 0.99 11.7046 14445.8 0.991057
CyberShake_50.txt 52 23 12.5391 0.99 11.4749 10543.9 0.991469
Epigenomics_100.txt 102 24 1425.68 0.99 980.006 5.68648e+006 0.999989
Epigenomics_24.txt 26 5 266.351 0.99 202.533 208879 0.994237
Epigenomics_46.txt 49 5 368.824 0.99 266.604 567522 0.992842
Inspiral_100.txt 102 11 63.605 0.99 53.449 256027 0.993286
Inspiral_1000.txt 1002 40 67.453 0.99 62.4215 3.05718e+006 0.992329
Inspiral_30.txt 32 7 63.7205 0.99 51.3794 75854.5 0.991734
Inspiral_50.txt 52 12 67.3294 0.99 54.5482 120979 0.992576
Montage_100.txt 102 62 3.37506 0.99 3.00427 10113.4 0.998934
Montage_1000.txt 1002 662 17.5845 0.99 16.5432 163623 0.996855
Montage_25.txt 27 9 2.21965 0.99 1.81272 2645.27 0.993781
Montage_50.txt 52 28 2.6611 0.99 2.32618 6948.78 0.993898
Sipht_100.txt 99 23 213.565 0.99 160.617 154855 0.991291
Sipht_1000.txt 970 32 253.662 0.99 252.504 1.95817e+006 0.991027
Sipht_30.txt 31 17 210.413 0.99 149.131 56520.8 0.993566
Sipht_60.txt 60 18 221.427 0.99 166.215 164991 0.992292
avianflu_large.txt 2004 2000 103.084 0.99 83.7007 4.92779e+007 0.999995
avianflu_medium.txt 1004 1000 103.084 0.99 79.3797 2.47903e+007 0.999998
avianflu_small.txt 104 100 103.084 0.99 73.5023 2.21093e+006 0.994636
cadsr.txt 6 2 0.954485 0.99 0.659221 275.601 0.999733
floodplain.txt 9 2 5583.74 0.99 3432.14 1.37195e+006 0.994599
gene2life.txt 10 2 25.7711 0.99 17.6227 10387.7 0.998407
glimmer.txt 6 1 4.67698 0.99 2.20068 967.295 0.999796
leadadas.txt 8 3 237.953 0.99 124.442 63181 0.997772
leaddm..txt 5 1 10.9766 0.99 5.14939 2434.03 0.999693
leaddm.txt 5 1 10.9766 0.99 8.90519 4213.89 0.999475
leadmm..txt 8 3 237.953 0.99 172.32 84174 0.993502
leadmm.txt 8 3 237.953 0.99 157.795 77517.9 0.993224
mcstas.txt 5 1 212869 0.99 111899 5.94474e+007 0.989017
mememast.txt 4 1 5.72691 0.99 3.16848 1230.04 0.999881
molsci.txt 7 2 48.6787 0.99 34.1659 20561 0.996849
motif_large.txt 505 500 433.813 0.99 298.508 3.91031e+007 0.999986
motif_medium.txt 140 135 433.813 0.99 235.159 1.03719e+007 0.999995
motif_small.txt 15 10 433.813 0.99 228.15 746213 0.993863
psload_large.txt 5086 1000 2.38621 0.99 2.66512 1.42078e+006 0.993718
psload_medium.txt 491 100 2.38621 0.99 2.49705 129469 0.992755
psload_small.txt 6 1 2.38621 0.99 1.72747 501.944 0.99985
psmerge_medium.txt 843 195 704.41 0.99 547.28 1.26925e+008 0.999913
psmerge_small.txt 82 77 704.41 0.99 479.715 1.24739e+007 0.99999
scoop_large..txt 103 100 42.9996 0.99 29.7956 1.14213e+006 0.994579
scoop_large.txt 103 100 42.9996 0.99 31.9051 1.35378e+006 0.991673
scoop_medium.txt 53 50 42.9996 0.99 31.2703 680774 0.991994
scoop_small.txt 8 5 42.9996 0.99 19.3503 44065.7 0.997322
