44
CyberShake_100.txt 102 48 11.8854 0.976756 12.0652 9352.25 0.983183
CyberShake_50.txt 52 23 13.679 0.990219 12.7999 7437.61 0.993407
Epigenomics_100.txt 102 24 1555.29 0.985336 1158.34 5.74109e+006 0.999994
Epigenomics_24.txt 26 5 290.565 0.981393 245.16 233306 0.985961
Epigenomics_46.txt 49 5 402.354 0.974304 329.921 451888 0.979699
Inspiral_100.txt 102 11 69.3872 0.971329 63.8747 199725 0.982231
Inspiral_1000.txt 1002 40 73.5851 0.967562 72.8473 2.92729e+006 0.976746
Inspiral_30.txt 32 7 69.5132 0.968804 52.2474 69658.9 0.978339
Inspiral_50.txt 52 12 73.4502 0.962721 52.4088 109945 0.974615
Montage_100.txt 102 62 3.68188 0.990529 3.14786 10259.3 0.996366
Montage_1000.txt 1002 662 19.1831 0.962393 16.1071 135014 0.982519
Montage_25.txt 27 9 2.42144 0.992643 2.01909 2431.38 0.99935
Montage_50.txt 52 28 2.90302 0.999451 2.82608 3491.75 0.999761
Sipht_100.txt 99 23 232.979 0.97243 196.401 161763 0.982516
Sipht_1000.txt 970 32 276.723 0.989912 259.965 1.37973e+006 0.992647
Sipht_30.txt 31 17 229.541 0.963522 152.638 49594.2 0.969514
Sipht_60.txt 60 18 241.557 0.971728 179.822 88794.9 0.975218
avianflu_large.txt 2004 2000 112.456 0.952852 83.4334 5.19152e+007 0.999995
avianflu_medium.txt 1004 1000 112.456 0.961092 82.768 2.75802e+007 0.999997
avianflu_small.txt 104 100 112.456 0.992642 63.8657 2.28947e+006 0.996594
cadsr.txt 6 2 1.04126 0.99109 0.967906 309.44 0.999963
floodplain.txt 9 2 6091.35 0.974376 4300.07 1.924e+006 0.983199
gene2life.txt 10 2 28.1139 0.971419 21.1959 13259.5 0.997929
glimmer.txt 6 1 5.10216 0.963978 2.42451 1065.05 0.999775
leadadas.txt 8 3 259.585 0.964953 163.147 76106.4 0.984239
leaddm..txt 5 1 11.9744 0.98865 8.34269 3121.6 0.999657
leaddm.txt 5 1 11.9744 0.996897 5.74695 2719.43 0.999661
leadmm..txt 8 3 259.585 0.97958 161.914 79152.2 0.993186
leadmm.txt 8 3 259.585 0.993177 132.908 64840 0.997725
mcstas.txt 5 1 232221 0.962557 149813 6.82726e+007 0.985232
mememast.txt 4 1 6.24754 0.953167 4.9231 1436.14 0.999995
molsci.txt 7 2 53.1041 0.982342 28.4492 17154.7 0.997377
motif_large.txt 505 500 473.251 0.986463 326.68 3.92395e+007 0.999985
motif_medium.txt 140 135 473.251 0.965019 236.918 9.34017e+006 0.979966
motif_small.txt 15 10 473.251 0.994605 322.354 900376 0.996651
psload_large.txt 5086 1000 2.60314 0.991538 2.51656 1.40816e+006 0.994761
psload_medium.txt 491 100 2.60314 0.971772 2.50298 122246 0.98031
psload_small.txt 6 1 2.60314 0.956789 2.14086 646.285 0.999816
psmerge_medium.txt 843 195 768.447 0.992366 640.559 1.28842e+008 0.999923
psmerge_small.txt 82 77 768.447 0.977363 543.332 1.26425e+007 0.999992
scoop_large..txt 103 100 46.9086 0.973801 35.0902 1.45228e+006 0.978467
scoop_large.txt 103 100 46.9086 0.983196 28.5362 1.1174e+006 0.989116
scoop_medium.txt 53 50 46.9086 0.992323 25.3857 577664 0.994297
scoop_small.txt 8 5 46.9086 0.991851 21.8493 47484.3 0.995531
