44
CyberShake_100.txt 102 48 24.7613 0.99 24.665 7179.39 0.992933
CyberShake_50.txt 52 23 28.4979 0.99 24.5755 3612.5 0.993617
Epigenomics_100.txt 102 24 3240.18 0.99 1188.75 5.64274e+006 0.999995
Epigenomics_24.txt 26 5 605.344 0.99 441.338 79493.5 0.994712
Epigenomics_46.txt 49 5 838.237 0.99 582.233 258302 0.995208
Inspiral_100.txt 102 11 144.557 0.99 133.885 137288 0.996419
Inspiral_1000.txt 1002 40 153.302 0.99 135.631 2.40305e+006 0.998427
Inspiral_30.txt 32 7 144.819 0.99 109.857 35802.6 0.998474
Inspiral_50.txt 52 12 153.021 0.99 130.361 66144.9 0.994564
Montage_100.txt 102 62 7.67059 0.99 5.85043 7992.26 0.996419
Montage_1000.txt 1002 662 39.9647 0.99 35.8603 109486 0.994016
Montage_25.txt 27 9 5.04467 0.99 4.65428 914.92 0.999401
Montage_50.txt 52 28 6.04796 0.99 5.29945 2309.89 0.996629
Sipht_100.txt 99 23 485.374 0.99 407.407 81790 0.993321
Sipht_1000.txt 970 32 576.505 0.99 542.4 1.15026e+006 0.993121
Sipht_30.txt 31 17 478.21 0.99 325.375 34898.4 0.991182
Sipht_60.txt 60 18 503.244 0.99 329.761 63215.2 0.993157
avianflu_large.txt 2004 2000 234.283 0.99 83.2936 5.57011e+007 0.999994
avianflu_medium.txt 1004 1000 234.283 0.99 78.3528 2.74328e+007 0.999997
avianflu_small.txt 104 100 234.283 0.99 151.007 1.0991e+006 0.994111
cadsr.txt 6 2 2.16928 0.99 1.60056 115.032 0.999823
floodplain.txt 9 2 12690.3 0.99 7093.38 889809 0.994751
gene2life.txt 10 2 58.5707 0.99 47.2135 10018.3 0.996953
glimmer.txt 6 1 10.6295 0.99 6.57298 632.291 0.997098
leadadas.txt 8 3 540.803 0.99 336.758 49838.9 0.998819
leaddm..txt 5 1 24.9468 0.99 13.5563 1803.25 0.995061
leaddm.txt 5 1 24.9468 0.99 16.0726 2137.97 0.994146
leadmm..txt 8 3 540.803 0.99 208.587 28607.5 0.997305
leadmm.txt 8 3 540.803 0.99 275.234 38462.8 0.995747
mcstas.txt 5 1 483794 0.99 124543 6.05203e+007 0.987778
mememast.txt 4 1 13.0157 0.99 10.9793 1332.93 0.999974
molsci.txt 7 2 110.633 0.99 59.201 13037.9 0.998909
motif_large.txt 505 500 985.94 0.99 681.094 4.39717e+007 0.999985
motif_medium.txt 140 135 985.94 0.99 357.776 8.53381e+006 0.999998
motif_small.txt 15 10 985.94 0.99 736.211 401184 0.993378
psload_large.txt 5086 1000 5.42321 0.99 5.44843 1.23503e+006 0.998334
psload_medium.txt 491 100 5.42321 0.99 5.07207 96340.2 0.998051
psload_small.txt 6 1 5.42321 0.99 3.88872 364.47 0.999641
psmerge_medium.txt 843 195 1600.93 0.99 596.334 1.27467e+008 0.999922
psmerge_small.txt 82 77 1600.93 0.99 647.837 9.04016e+006 0.999996
scoop_large..txt 103 100 97.7263 0.99 63.6566 549618 0.993066
scoop_large.txt 103 100 97.7263 0.99 69.5421 614937 0.991608
scoop_medium.txt 53 50 97.7263 0.99 54.5367 255736 0.993446
scoop_small.txt 8 5 97.7263 0.99 53.7843 26545.4 0.995319
