24
CyberShake_100.txt 102 48 14.8568 0.985 13.3143 13379.1 0.989409
CyberShake_50.txt 52 23 17.0987 0.985 14.0898 16551.3 0.994166
Epigenomics_100.txt 102 24 1944.11 0.985 1076.51 5.19367e+06 0.999996
Epigenomics_24.txt 26 5 363.207 0.985 251.706 127112 0.997054
Epigenomics_46.txt 49 5 502.942 0.985 356.114 345720 0.989856
Inspiral_100.txt 102 11 86.7341 0.985 77.7933 219735 0.986711
Inspiral_1000.txt 1002 40 91.9813 0.985 92.5435 2.70604e+06 0.990072
Inspiral_30.txt 32 7 86.8915 0.985 60.1174 61000.1 0.993775
Inspiral_50.txt 52 12 91.8128 0.985 65.003 88703.2 0.989749
Montage_100.txt 102 62 4.60235 0.985 2.32813 16954.6 0.999968
Montage_1000.txt 1002 662 23.9788 0.985 21.4381 162733 0.993939
Montage_25.txt 27 9 3.0268 0.985 1.37877 3640.58 0.999993
Montage_50.txt 52 28 3.62878 0.985 1.19397 5529.09 0.99999
Sipht_100.txt 99 23 291.224 0.985 230.794 103265 0.986614
Sipht_1000.txt 970 32 345.903 0.985 315.729 1.15761e+06 0.989548
Sipht_30.txt 31 17 286.926 0.985 168.499 44092.2 0.991394
Sipht_60.txt 60 18 301.946 0.985 197.674 90737.1 0.990769
avianflu_large.txt 2004 2000 140.57 0.985 69.8079 4.6006e+07 0.999996
avianflu_medium.txt 1004 1000 140.57 0.985 68.2873 2.77526e+07 0.999997
avianflu_small.txt 104 100 140.57 0.985 82.8674 2.58014e+06 0.99055
cadsr.txt 6 2 1.30157 0.985 0.558837 296.888 0.999999
motif_large.txt 505 500 591.564 0.985 360.308 3.48697e+07 0.999991
motif_medium.txt 140 135 591.564 0.985 315.251 8.88849e+06 0.999998
motif_small.txt 15 10 591.564 0.985 488.81 354198 0.996653
