24
CyberShake_100.txt 102 48 14.8568 0.985 12.2396 9650.81 0.988547
CyberShake_50.txt 52 23 17.0987 0.985 18.3262 6154.02 0.983985
Epigenomics_100.txt 102 24 1944.11 0.985 1221.88 6.20529e+06 0.999994
Epigenomics_24.txt 26 5 363.207 0.985 257.096 133274 0.992453
Epigenomics_46.txt 49 5 502.942 0.985 473.856 333254 0.98913
Inspiral_100.txt 102 11 86.7341 0.985 83.219 191244 0.988645
Inspiral_1000.txt 1002 40 91.9813 0.985 91.6065 2.70341e+06 0.990077
Inspiral_30.txt 32 7 86.8915 0.985 67.0048 38769.1 0.992763
Inspiral_50.txt 52 12 91.8128 0.985 68.9973 107140 0.990217
Montage_100.txt 102 62 4.60235 0.985 4.35846 8654.37 0.987014
Montage_1000.txt 1002 662 23.9788 0.985 19.9462 159793 0.988952
Montage_25.txt 27 9 3.0268 0.985 2.97218 1417.89 0.998789
Montage_50.txt 52 28 3.62878 0.985 3.49757 2515.32 0.994667
Sipht_100.txt 99 23 291.224 0.985 245.942 127105 0.989731
Sipht_1000.txt 970 32 345.903 0.985 326.456 1.17576e+06 0.989831
Sipht_30.txt 31 17 286.926 0.985 234.095 35623.6 0.990718
Sipht_60.txt 60 18 301.946 0.985 169.38 59588.8 0.993459
avianflu_large.txt 2004 2000 140.57 0.985 82.0182 4.78274e+07 0.999996
avianflu_medium.txt 1004 1000 140.57 0.985 86.9565 2.47689e+07 0.999998
avianflu_small.txt 104 100 140.57 0.985 93.4879 2.43876e+06 0.990769
cadsr.txt 6 2 1.30157 0.985 0.922464 146.258 0.999942
motif_large.txt 505 500 591.564 0.985 350.268 4.03203e+07 0.999988
motif_medium.txt 140 135 591.564 0.985 386.089 1.07829e+07 0.999997
motif_small.txt 15 10 591.564 0.985 339.484 425071 0.996242
