24
CyberShake_100.txt 102 48 14.8568 0.985 10.8965 15934.7 0.989662
CyberShake_50.txt 52 23 17.0987 0.985 15.8979 5356.15 0.983247
Epigenomics_100.txt 102 24 1944.11 0.985 1275.6 5.63265e+06 0.999995
Epigenomics_24.txt 26 5 363.207 0.985 370.29 207070 0.99579
Epigenomics_46.txt 49 5 502.942 0.985 358.452 296844 0.991155
Inspiral_100.txt 102 11 86.7341 0.985 75.2842 181342 0.987575
Inspiral_1000.txt 1002 40 91.9813 0.985 93.1466 2.50683e+06 0.990196
Inspiral_30.txt 32 7 86.8915 0.985 79.6867 44858.4 0.989904
Inspiral_50.txt 52 12 91.8128 0.985 77.7719 100481 0.989024
Montage_100.txt 102 62 4.60235 0.985 2.95635 13613.4 0.990825
Montage_1000.txt 1002 662 23.9788 0.985 19.7156 171606 0.994069
Montage_25.txt 27 9 3.0268 0.985 2.16117 3193.7 0.998416
Montage_50.txt 52 28 3.62878 0.985 2.5122 7380.5 0.999115
Sipht_100.txt 99 23 291.224 0.985 242.985 130337 0.985243
Sipht_1000.txt 970 32 345.903 0.985 363.477 1.17534e+06 0.988638
Sipht_30.txt 31 17 286.926 0.985 227.862 33829.4 0.990809
Sipht_60.txt 60 18 301.946 0.985 238.63 80672.8 0.990419
avianflu_large.txt 2004 2000 140.57 0.985 79.8199 5.28456e+07 0.999995
avianflu_medium.txt 1004 1000 140.57 0.985 70.7965 2.67828e+07 0.999997
avianflu_small.txt 104 100 140.57 0.985 98.9513 3.17218e+06 0.988658
cadsr.txt 6 2 1.30157 0.985 0.588112 312.441 0.999999
motif_large.txt 505 500 591.564 0.985 378.744 3.60849e+07 0.99999
motif_medium.txt 140 135 591.564 0.985 351.214 8.28484e+06 0.999998
motif_small.txt 15 10 591.564 0.985 415.136 515956 0.99566
