44
CyberShake_100.txt 102 48 10.895 0.963483 13.1939 12805.3 0.961432
CyberShake_50.txt 52 23 12.5391 0.998998 11.5168 7932.06 0.99935
Epigenomics_100.txt 102 24 1425.68 0.972406 1222.86 5.16731e+006 0.982645
Epigenomics_24.txt 26 5 266.351 0.986295 188.98 210418 0.991156
Epigenomics_46.txt 49 5 368.824 0.969552 311.273 475841 0.982209
Inspiral_100.txt 102 11 63.605 0.980422 59.7617 261372 0.98435
Inspiral_1000.txt 1002 40 67.453 0.990786 62.5208 3.12035e+006 0.999876
Inspiral_30.txt 32 7 63.7205 0.951561 55.5476 61791 0.96803
Inspiral_50.txt 52 12 67.3294 0.993158 52.9001 134997 0.99445
Montage_100.txt 102 62 3.37506 0.951933 3.12687 11311 0.998533
Montage_1000.txt 1002 662 17.5845 0.966248 15.1097 152043 0.982245
Montage_25.txt 27 9 2.21965 0.962866 1.90414 2144.44 0.99776
Montage_50.txt 52 28 2.6611 0.957131 2.45702 4773.9 0.996982
Sipht_100.txt 99 23 213.565 0.990247 192.928 177413 0.992734
Sipht_1000.txt 970 32 253.662 0.960331 249.203 1.46197e+006 0.970196
Sipht_30.txt 31 17 210.413 0.973282 143.118 60565.3 0.980744
Sipht_60.txt 60 18 221.427 0.9683 170.481 103476 0.974283
avianflu_large.txt 2004 2000 103.084 0.990407 79.2185 4.90398e+007 0.999995
avianflu_medium.txt 1004 1000 103.084 0.987453 82.0507 2.59964e+007 0.999997
avianflu_small.txt 104 100 103.084 0.995863 58.7117 2.29778e+006 1
cadsr.txt 6 2 0.954485 0.95786 0.754932 133.907 0.999986
floodplain.txt 9 2 5583.74 0.991759 4069.75 1.68016e+006 0.993918
gene2life.txt 10 2 25.7711 0.980654 20.9023 12461.4 0.99812
glimmer.txt 6 1 4.67698 0.986379 2.606 1146.04 0.999759
leadadas.txt 8 3 237.953 0.953129 186.93 86945.3 0.969873
leaddm..txt 5 1 10.9766 0.977049 6.80591 3227.11 0.999605
leaddm.txt 5 1 10.9766 0.969451 7.67301 3630.83 0.999547
leadmm..txt 8 3 237.953 0.956125 119.195 53939.2 0.985892
leadmm.txt 8 3 237.953 0.975788 129.295 58125.8 0.987497
mcstas.txt 5 1 212869 0.958702 168024 7.78354e+007 0.980774
mememast.txt 4 1 5.72691 0.999227 3.42607 1642.65 0.999819
molsci.txt 7 2 48.6787 0.971084 23.4891 12977.4 0.987292
motif_large.txt 505 500 433.813 0.992887 284.968 3.88501e+007 0.999987
motif_medium.txt 140 135 433.813 0.979772 295.655 1.17168e+007 0.999868
motif_small.txt 15 10 433.813 0.966208 345.06 841336 0.977825
psload_large.txt 5086 1000 2.38621 0.983813 2.50438 1.41066e+006 0.988813
psload_medium.txt 491 100 2.38621 0.963344 2.51549 125477 0.973222
psload_small.txt 6 1 2.38621 0.988154 2.20177 656.932 0.999895
psmerge_medium.txt 843 195 704.41 0.971682 556.112 1.27697e+008 0.99981
psmerge_small.txt 82 77 704.41 0.978049 559.12 1.33255e+007 0.999991
scoop_large..txt 103 100 42.9996 0.970625 28.8111 1.0205e+006 0.982943
scoop_large.txt 103 100 42.9996 0.982621 27.5302 1.19596e+006 0.988909
scoop_medium.txt 53 50 42.9996 0.972992 25.5384 560700 0.982967
scoop_small.txt 8 5 42.9996 0.976979 25.4203 58192.2 0.996701
