44
CyberShake_100.txt 102 48 14.8568 0.98 12.7941 6306.47 0.985784
CyberShake_50.txt 52 23 17.0987 0.98 19.3642 6802.84 0.984206
Epigenomics_100.txt 102 24 1944.11 0.98 1797.56 4.36089e+006 0.989777
Epigenomics_24.txt 26 5 363.207 0.98 293.439 137365 0.987938
Epigenomics_46.txt 49 5 502.942 0.98 383.126 316067 0.983789
Inspiral_100.txt 102 11 86.7341 0.98 80.7077 175316 0.991136
Inspiral_1000.txt 1002 40 91.9813 0.98 93.254 2.55664e+006 0.987639
Inspiral_30.txt 32 7 86.8915 0.98 64.187 56967.6 0.987208
Inspiral_50.txt 52 12 91.8128 0.98 73.8748 103183 0.989316
Montage_100.txt 102 62 4.60235 0.98 4.23077 10506.4 0.985744
Montage_1000.txt 1002 662 23.9788 0.98 18.8891 160933 0.986509
Montage_25.txt 27 9 3.0268 0.98 2.22504 1888.95 0.998588
Montage_50.txt 52 28 3.62878 0.98 3.32523 3713.47 0.996319
Sipht_100.txt 99 23 291.224 0.98 233.792 113608 0.984586
Sipht_1000.txt 970 32 345.903 0.98 328.948 1.14495e+006 0.98296
Sipht_30.txt 31 17 286.926 0.98 272.994 41146.3 0.983437
Sipht_60.txt 60 18 301.946 0.98 301.052 83293.4 0.980735
avianflu_large.txt 2004 2000 140.57 0.98 84.2208 5.4384e+007 0.999994
avianflu_medium.txt 1004 1000 140.57 0.98 78.2186 2.60157e+007 0.999997
avianflu_small.txt 104 100 140.57 0.98 77.3354 2.23563e+006 0.989053
cadsr.txt 6 2 1.30157 0.98 0.884787 104.058 0.999945
floodplain.txt 9 2 7614.19 0.98 5529.32 1.53717e+006 0.985003
gene2life.txt 10 2 35.1424 0.98 23.7686 10499.4 0.999519
glimmer.txt 6 1 6.3777 0.98 3.83464 1160.54 0.999772
leadadas.txt 8 3 324.482 0.98 213.138 68068 0.986614
leaddm..txt 5 1 14.9681 0.98 8.71438 2367.89 0.999991
leaddm.txt 5 1 14.9681 0.98 10.4445 2838.26 0.99999
leadmm..txt 8 3 324.482 0.98 163.607 50726.4 0.989694
leadmm.txt 8 3 324.482 0.98 142.63 44310.7 0.991013
mcstas.txt 5 1 290276 0.98 177192 6.29058e+007 0.985775
mememast.txt 4 1 7.80942 0.98 5.73394 1423.12 0.999994
molsci.txt 7 2 66.3801 0.98 35.3405 10781.6 0.999222
motif_large.txt 505 500 591.564 0.98 365.325 3.89359e+007 0.999987
motif_medium.txt 140 135 591.564 0.98 416.083 1.18071e+007 0.999996
motif_small.txt 15 10 591.564 0.98 383.146 467805 0.995721
psload_large.txt 5086 1000 3.25393 0.98 3.68264 811496 0.981296
psload_medium.txt 491 100 3.25393 0.98 3.58431 76918.6 0.997139
psload_small.txt 6 1 3.25393 0.98 3.01445 452.392 0.999997
psmerge_medium.txt 843 195 960.559 0.98 676.229 1.22684e+008 0.999929
psmerge_small.txt 82 77 960.559 0.98 608.417 1.22202e+007 0.999993
scoop_large..txt 103 100 58.6358 0.98 38.2745 1.23131e+006 0.988217
scoop_large.txt 103 100 58.6358 0.98 32.1362 1.07588e+006 0.987712
scoop_medium.txt 53 50 58.6358 0.98 45.2261 734662 0.983017
scoop_small.txt 8 5 58.6358 0.98 31.4356 44111.6 0.988966
