44
CyberShake_100.txt 102 48 13.8663 0.99 12.2067 8769.5 0.994763
CyberShake_50.txt 52 23 15.9588 0.99 16.3269 5882.26 0.989639
Epigenomics_100.txt 102 24 1814.5 0.99 1141.88 5.53478e+006 0.999995
Epigenomics_24.txt 26 5 338.993 0.99 274.98 159206 0.997284
Epigenomics_46.txt 49 5 469.413 0.99 405.606 370610 0.991884
Inspiral_100.txt 102 11 80.9518 0.99 76.6757 213929 0.992207
Inspiral_1000.txt 1002 40 85.8492 0.99 81.4442 2.87823e+006 0.997988
Inspiral_30.txt 32 7 81.0988 0.99 64.6941 43096 0.994925
Inspiral_50.txt 52 12 85.6919 0.99 72.0386 119944 0.993092
Montage_100.txt 102 62 4.29553 0.99 3.98126 6858.48 0.992786
Montage_1000.txt 1002 662 22.3802 0.99 18.7353 120351 0.993132
Montage_25.txt 27 9 2.82502 0.99 2.42687 1871.37 0.999033
Montage_50.txt 52 28 3.38686 0.99 3.44888 2563.7 0.994757
Sipht_100.txt 99 23 271.809 0.99 206.054 140991 0.994999
Sipht_1000.txt 970 32 322.843 0.99 312.408 1.84207e+006 0.993176
Sipht_30.txt 31 17 267.798 0.99 156.454 45372.9 0.993351
Sipht_60.txt 60 18 281.817 0.99 210.173 110381 0.998202
avianflu_large.txt 2004 2000 131.198 0.99 82.3981 5.19261e+007 0.999995
avianflu_medium.txt 1004 1000 131.198 0.99 82.974 2.50259e+007 0.999998
avianflu_small.txt 104 100 131.198 0.99 69.5234 2.5696e+006 0.993864
cadsr.txt 6 2 1.2148 0.99 0.765504 185.39 0.999958
floodplain.txt 9 2 7106.57 0.99 5320.88 1.30624e+006 0.993053
gene2life.txt 10 2 32.7996 0.99 25.4006 10483 0.999424
glimmer.txt 6 1 5.95252 0.99 3.43797 1039.38 0.999796
leadadas.txt 8 3 302.849 0.99 127.227 64684.1 0.997722
leaddm..txt 5 1 13.9702 0.99 9.52588 3564.32 0.999608
leaddm.txt 5 1 13.9702 0.99 4.80913 1799.17 0.999802
leadmm..txt 8 3 302.849 0.99 109.189 53407.9 0.995743
leadmm.txt 8 3 302.849 0.99 127.698 62461 0.995023
mcstas.txt 5 1 270925 0.99 117113 6.22176e+007 0.987644
mememast.txt 4 1 7.28879 0.99 4.15713 1031.77 0.999996
molsci.txt 7 2 61.9548 0.99 46.9799 22578.9 0.996777
motif_large.txt 505 500 552.126 0.99 389.294 3.74302e+007 0.999989
motif_medium.txt 140 135 552.126 0.99 357.438 1.06195e+007 0.999995
motif_small.txt 15 10 552.126 0.99 419.066 983636 0.993026
psload_large.txt 5086 1000 3.037 0.99 3.02619 1.38471e+006 0.993852
psload_medium.txt 491 100 3.037 0.99 3.19356 127776 0.99303
psload_small.txt 6 1 3.037 0.99 2.30174 746.448 0.999876
psmerge_medium.txt 843 195 896.522 0.99 667.157 1.3385e+008 0.999917
psmerge_small.txt 82 77 896.522 0.99 480.522 1.1717e+007 0.999993
scoop_large..txt 103 100 54.7267 0.99 29.4426 1.28666e+006 0.992346
scoop_large.txt 103 100 54.7267 0.99 32.4228 1.36349e+006 0.991415
scoop_medium.txt 53 50 54.7267 0.99 25.6129 593570 0.992892
scoop_small.txt 8 5 54.7267 0.99 29.6003 64491.2 0.991849
