24
CyberShake_100.txt 102 48 14.8568 0.985 12.8619 8696.08 0.991481
CyberShake_50.txt 52 23 17.0987 0.985 15.4579 6279.41 0.989002
Epigenomics_100.txt 102 24 1944.11 0.985 1144.11 5.87785e+06 0.999994
Epigenomics_24.txt 26 5 363.207 0.985 255.273 129881 0.996999
Epigenomics_46.txt 49 5 502.942 0.985 362.768 296431 0.991219
Inspiral_100.txt 102 11 86.7341 0.985 75.8907 202728 0.988368
Inspiral_1000.txt 1002 40 91.9813 0.985 97.2815 2.63202e+06 0.989992
Inspiral_30.txt 32 7 86.8915 0.985 81.1496 57094.5 0.989164
Inspiral_50.txt 52 12 91.8128 0.985 71.7409 93764.9 0.992423
Montage_100.txt 102 62 4.60235 0.985 4.5005 8172.98 0.985967
Montage_1000.txt 1002 662 23.9788 0.985 20.4656 138665 0.986674
Montage_25.txt 27 9 3.0268 0.985 3.34249 1189.89 0.997873
Montage_50.txt 52 28 3.62878 0.985 3.76772 2440.6 0.991631
Sipht_100.txt 99 23 291.224 0.985 262.975 123774 0.984429
Sipht_1000.txt 970 32 345.903 0.985 296.616 1.27697e+06 0.988195
Sipht_30.txt 31 17 286.926 0.985 231.698 38752.6 0.988914
Sipht_60.txt 60 18 301.946 0.985 250.58 72124.2 0.990488
avianflu_large.txt 2004 2000 140.57 0.985 81.2225 4.92296e+07 0.999995
avianflu_medium.txt 1004 1000 140.57 0.985 81.6127 2.86414e+07 0.999997
avianflu_small.txt 104 100 140.57 0.985 77.2318 2.45536e+06 0.991345
cadsr.txt 6 2 1.30157 0.985 1.12289 169.242 0.999608
motif_large.txt 505 500 591.564 0.985 329.315 3.65827e+07 0.99999
motif_medium.txt 140 135 591.564 0.985 395.399 1.17657e+07 0.999996
motif_small.txt 15 10 591.564 0.985 414.798 411260 0.997395
