44
CyberShake_100.txt 102 48 17.8281 0.969806 16.8594 7982.72 0.975432
CyberShake_50.txt 52 23 20.5185 0.960036 16.8836 6722.92 0.964817
Epigenomics_100.txt 102 24 2332.93 0.951923 1792.34 3.4177e+006 0.97355
Epigenomics_24.txt 26 5 435.848 0.962027 278.534 109287 0.977223
Epigenomics_46.txt 49 5 603.531 0.985254 515.347 303035 0.988286
Inspiral_100.txt 102 11 104.081 0.990934 97.7496 191556 0.992603
Inspiral_1000.txt 1002 40 110.378 0.987409 98.8302 2.61792e+006 0.991407
Inspiral_30.txt 32 7 104.27 0.981414 82.6866 46198 0.985874
Inspiral_50.txt 52 12 110.175 0.961154 98.7427 82669.2 0.971432
Montage_100.txt 102 62 5.52282 0.989164 5.12484 10149.6 0.994051
Montage_1000.txt 1002 662 28.7746 0.985034 20.265 153919 0.990886
Montage_25.txt 27 9 3.63216 0.965272 2.72187 1329.84 0.997411
Montage_50.txt 52 28 4.35453 0.958571 3.97051 3586.05 0.999468
Sipht_100.txt 99 23 349.469 0.954245 336.5 101918 0.959266
Sipht_1000.txt 970 32 415.084 0.979129 443.787 1.51058e+006 0.981036
Sipht_30.txt 31 17 344.311 0.991605 247.801 32657.6 0.994559
Sipht_60.txt 60 18 362.336 0.989459 304.464 57016 0.992006
avianflu_large.txt 2004 2000 168.684 0.952524 87.245 5.17409e+007 0.999995
avianflu_medium.txt 1004 1000 168.684 0.982473 80.4981 2.69149e+007 0.999997
avianflu_small.txt 104 100 168.684 0.981607 129.636 1.62773e+006 0.989913
cadsr.txt 6 2 1.56188 0.993164 1.56772 153.006 0.999934
floodplain.txt 9 2 9137.02 0.975613 4999.17 978311 0.987115
gene2life.txt 10 2 42.1709 0.987325 32.4496 7574.37 0.999631
glimmer.txt 6 1 7.65323 0.974372 4.35903 773.505 0.999996
leadadas.txt 8 3 389.378 0.992406 274.447 53630.8 0.998881
leaddm..txt 5 1 17.9617 0.99533 10.852 2465.33 0.999989
leaddm.txt 5 1 17.9617 0.957815 9.32169 2126.65 0.999991
leadmm..txt 8 3 389.378 0.991897 268.477 48783.6 0.995936
leadmm.txt 8 3 389.378 0.96457 222.733 40583.5 0.996291
mcstas.txt 5 1 348332 0.99059 124051 5.70044e+007 0.989362
mememast.txt 4 1 9.37131 0.982899 5.71 1117.7 0.999979
molsci.txt 7 2 79.6561 0.962455 47.7961 13281.4 0.985733
motif_large.txt 505 500 709.877 0.969358 417.578 3.71125e+007 0.999986
motif_medium.txt 140 135 709.877 0.954668 572.105 4.8933e+006 0.97134
motif_small.txt 15 10 709.877 0.961421 571.773 421899 0.99647
psload_large.txt 5086 1000 3.90471 0.995968 3.21257 1.41335e+006 0.999993
psload_medium.txt 491 100 3.90471 0.97054 4.24753 65078.2 0.995458
psload_small.txt 6 1 3.90471 0.97414 2.33028 444.295 0.999974
psmerge_medium.txt 843 195 1152.67 0.997463 642.977 1.38385e+008 0.999912
psmerge_small.txt 82 77 1152.67 0.953977 909.172 6.4554e+006 0.970267
scoop_large..txt 103 100 70.3629 0.954899 50.7802 760081 0.992351
scoop_large.txt 103 100 70.3629 0.989398 37.9727 593505 0.993804
scoop_medium.txt 53 50 70.3629 0.966197 48.6693 394604 0.995401
scoop_small.txt 8 5 70.3629 0.969803 40.203 32234.4 0.998311
