44
CyberShake_100.txt 102 48 24.7613 0.977733 24.7586 23450 0.977855
CyberShake_50.txt 52 23 28.4979 0.973663 28.4978 12884.1 0.993824
Epigenomics_100.txt 102 24 3240.18 0.978925 3237.24 3.35114e+006 0.97926
Epigenomics_24.txt 26 5 605.344 0.950037 601.319 149443 0.950197
Epigenomics_46.txt 49 5 838.237 0.990792 834.444 345184 0.990803
Inspiral_100.txt 102 11 144.557 0.955529 144.531 242938 0.956622
Inspiral_1000.txt 1002 40 153.302 0.951542 153.204 3.6452e+006 0.951542
Inspiral_30.txt 32 7 144.819 0.994182 143.535 57307.5 0.997069
Inspiral_50.txt 52 12 153.021 0.951679 153.001 140459 0.952071
Montage_100.txt 102 62 7.67059 0.955651 7.66979 16577.7 0.994753
Montage_1000.txt 1002 662 39.9647 0.964074 39.6772 255990 0.996215
Montage_25.txt 27 9 5.04467 0.98424 5.04063 3621.39 0.998748
Montage_50.txt 52 28 6.04796 0.963132 6.04645 8174.23 0.998063
Sipht_100.txt 99 23 485.374 0.958028 476.135 181255 0.958028
Sipht_1000.txt 970 32 576.505 0.980248 569.561 2.84256e+006 0.980522
Sipht_30.txt 31 17 478.21 0.984751 469.281 52499.5 0.984751
Sipht_60.txt 60 18 503.244 0.966059 503.14 99675.3 0.966059
avianflu_large.txt 2004 2000 234.283 0.969057 93.7131 1.49292e+008 0.969084
avianflu_medium.txt 1004 1000 234.283 0.980709 93.7131 7.26627e+007 0.980738
avianflu_small.txt 104 100 234.283 0.974972 229.929 1.79353e+006 0.975054
cadsr.txt 6 2 2.16928 0.97096 2.14343 294.503 0.999908
floodplain.txt 9 2 12690.3 0.981092 11965.9 1.93626e+006 0.981338
gene2life.txt 10 2 58.5707 0.951926 58.3084 14227.1 0.96001
glimmer.txt 6 1 10.6295 0.98137 10.6247 1022.05 0.995313
leadadas.txt 8 3 540.803 0.951984 519.558 59895.7 0.954159
leaddm..txt 5 1 24.9468 0.992777 21.4505 3302.91 0.99829
leaddm.txt 5 1 24.9468 0.969904 24.0009 3192.59 0.99127
leadmm..txt 8 3 540.803 0.974335 442.454 61052.4 0.993586
leadmm.txt 8 3 540.803 0.989148 442.454 61052.4 0.993586
mcstas.txt 5 1 483794 0.959802 193518 2.05616e+008 0.970759
mememast.txt 4 1 13.0157 0.96161 13.0116 1728.82 0.999987
molsci.txt 7 2 110.633 0.960649 97.6104 19691.9 0.971305
motif_large.txt 505 500 985.94 0.955088 394.376 1.0024e+008 0.955103
motif_medium.txt 140 135 985.94 0.969592 394.376 1.74707e+007 0.969775
motif_small.txt 15 10 985.94 0.995642 981.159 610703 0.995717
psload_large.txt 5086 1000 5.42321 0.972588 5.33195 1.13115e+006 0.972589
psload_medium.txt 491 100 5.42321 0.960223 5.33195 100867 0.960224
psload_small.txt 6 1 5.42321 0.970641 5.33195 564.904 0.999602
psmerge_medium.txt 843 195 1600.93 0.980186 640.373 4.03018e+008 0.980343
psmerge_small.txt 82 77 1600.93 0.958653 1585.92 8.66795e+006 0.959009
scoop_large..txt 103 100 97.7263 0.984008 95.6821 953807 0.984013
scoop_large.txt 103 100 97.7263 0.995948 95.6821 944201 0.995978
scoop_medium.txt 53 50 97.7263 0.991699 95.6821 476756 0.991724
scoop_small.txt 8 5 97.7263 0.987291 95.916 46657 0.98896
