44
CyberShake_100.txt 102 48 1e+009 0.98 212.98 2630.95 0.98
CyberShake_50.txt 52 23 1e+009 0.98 245.667 1528.69 0.98
Epigenomics_100.txt 102 24 1e+009 0.98 23832.1 517905 0.981914
Epigenomics_24.txt 26 5 1e+009 0.98 4252.7 27191.1 0.986408
Epigenomics_46.txt 49 5 1e+009 0.98 6111.57 57478.3 0.980029
Inspiral_100.txt 102 11 1e+009 0.98 1131.55 109133 0.980015
Inspiral_1000.txt 1002 40 1e+009 0.98 1177.2 1.99455e+006 0.980044
Inspiral_30.txt 32 7 1e+009 0.98 1133.69 11878.2 0.980019
Inspiral_50.txt 52 12 1e+009 0.98 1199.87 20174.1 0.98002
Montage_100.txt 102 62 1e+009 0.98 27.5091 17747.2 0.982471
Montage_1000.txt 1002 662 1e+009 0.98 142.24 257658 0.980001
Montage_25.txt 27 9 1e+009 0.98 31.7538 2222.68 0.980006
Montage_50.txt 52 28 1e+009 0.98 32.325 6983.89 0.98
Sipht_100.txt 99 23 1e+009 0.98 3346.78 50439.5 0.98
Sipht_1000.txt 970 32 1e+009 0.98 4020.6 457747 0.98
Sipht_30.txt 31 17 1e+009 0.98 3207.17 17627.8 0.980001
Sipht_60.txt 60 18 1e+009 0.98 3514.05 25263.7 0.98
avianflu_large.txt 2004 2000 1e+009 0.98 93.7131 1.55266e+008 0.980043
avianflu_medium.txt 1004 1000 1e+009 0.98 93.7131 7.22893e+007 0.980049
avianflu_small.txt 104 100 1e+009 0.98 1576.42 231932 0.980216
cadsr.txt 6 2 1e+009 0.98 19.1094 130.423 0.984238
floodplain.txt 9 2 1e+009 0.98 51537.6 1.39515e+006 0.981559
gene2life.txt 10 2 1e+009 0.98 302.273 10439.4 0.983695
glimmer.txt 6 1 1e+009 0.98 99.434 284.589 0.983313
leadadas.txt 8 3 1e+009 0.98 3586.62 22094.6 0.995256
leaddm..txt 5 1 1e+009 0.98 127.609 2475.54 0.98882
leaddm.txt 5 1 1e+009 0.98 127.609 2475.54 0.98882
leadmm..txt 8 3 1e+009 0.98 3586.62 17695 0.990467
leadmm.txt 8 3 1e+009 0.98 3586.62 17695 0.990467
mcstas.txt 5 1 1e+009 0.98 193518 2.05616e+008 0.970759
mememast.txt 4 1 1e+009 0.98 68.6611 1449.74 0.988842
molsci.txt 7 2 1e+009 0.98 538.488 16609.3 0.993358
motif_large.txt 505 500 1e+009 0.98 394.376 1.13931e+008 0.980031
motif_medium.txt 140 135 1e+009 0.98 394.376 2.30717e+007 0.980051
motif_small.txt 15 10 1e+009 0.98 7807.89 74692.1 0.9802
psload_large.txt 5086 1000 1e+009 0.98 43.0153 227990 0.98
psload_medium.txt 491 100 1e+009 0.98 43.0153 22680.5 0.98
psload_small.txt 6 1 1e+009 0.98 44.4725 275.023 0.992549
psmerge_medium.txt 843 195 1e+009 0.98 640.373 4.03018e+008 0.980343
psmerge_small.txt 82 77 1e+009 0.98 640.373 2.78138e+007 0.980046
scoop_large..txt 103 100 1e+009 0.98 781.266 109768 0.980035
scoop_large.txt 103 100 1e+009 0.98 781.266 109768 0.980035
scoop_medium.txt 53 50 1e+009 0.98 781.5 56839.3 0.980917
scoop_small.txt 8 5 1e+009 0.98 781.5 5534.66 0.982256
