44
CyberShake_100.txt 102 48 1e+009 0.999238 178.959 2690.17 0.999238
CyberShake_50.txt 52 23 1e+009 0.971779 247.841 1536.86 0.971779
Epigenomics_100.txt 102 24 1e+009 0.980509 23832.1 517905 0.982273
Epigenomics_24.txt 26 5 1e+009 0.977188 4252.7 27191.1 0.986408
Epigenomics_46.txt 49 5 1e+009 0.990211 6111.57 57478.3 0.990239
Inspiral_100.txt 102 11 1e+009 0.992684 1119.7 108980 0.9927
Inspiral_1000.txt 1002 40 1e+009 0.965563 1178.95 2.04288e+006 0.965719
Inspiral_30.txt 32 7 1e+009 0.999136 1075.5 11387.1 0.999218
Inspiral_50.txt 52 12 1e+009 0.976898 1199.87 20715.1 0.976924
Montage_100.txt 102 62 1e+009 0.99294 25.7985 19752.7 0.995365
Montage_1000.txt 1002 662 1e+009 0.968029 148.642 255572 0.968269
Montage_25.txt 27 9 1e+009 0.956147 38.833 1808.47 0.980589
Montage_50.txt 52 28 1e+009 0.996935 24.9059 8968.31 0.999333
Sipht_100.txt 99 23 1e+009 0.963154 3474.71 49905.9 0.963154
Sipht_1000.txt 970 32 1e+009 0.982343 4020.6 455488 0.982343
Sipht_30.txt 31 17 1e+009 0.999923 191.284 255682 1
Sipht_60.txt 60 18 1e+009 0.98462 3400.58 25989.3 0.984621
avianflu_large.txt 2004 2000 1e+009 0.988087 93.7131 1.59622e+008 0.988112
avianflu_medium.txt 1004 1000 1e+009 0.986775 93.7131 7.59403e+007 0.986807
avianflu_small.txt 104 100 1e+009 0.990482 1576.42 231244 0.990578
cadsr.txt 6 2 1e+009 0.990847 16.7314 131.945 0.997199
floodplain.txt 9 2 1e+009 0.987267 51537.6 1.39378e+006 0.987764
gene2life.txt 10 2 1e+009 0.991628 297.901 10441.5 0.991938
glimmer.txt 6 1 1e+009 0.992714 78.387 288.186 0.99922
leadadas.txt 8 3 1e+009 0.962015 3586.62 21486.5 0.979683
leaddm..txt 5 1 1e+009 0.952026 146.407 2471.57 0.976165
leaddm.txt 5 1 1e+009 0.999855 105.114 2493.16 0.999895
leadmm..txt 8 3 1e+009 0.960469 3980.74 17293 0.961071
leadmm.txt 8 3 1e+009 0.956672 3980.74 17188.2 0.959999
mcstas.txt 5 1 1e+009 0.977396 193518 2.05616e+008 0.970759
mememast.txt 4 1 1e+009 0.966022 68.6611 1449.74 0.988842
molsci.txt 7 2 1e+009 0.993246 538.488 16609.3 0.993358
motif_large.txt 505 500 1e+009 0.992605 394.376 1.20777e+008 0.992738
motif_medium.txt 140 135 1e+009 0.97954 394.376 2.28227e+007 0.979592
motif_small.txt 15 10 1e+009 0.991956 7807.89 74692.1 0.992625
psload_large.txt 5086 1000 1e+009 0.95757 43.0153 228930 0.95757
psload_medium.txt 491 100 1e+009 0.983658 43.0153 22462.7 0.983658
psload_small.txt 6 1 1e+009 0.998407 35.9997 276.529 0.998869
psmerge_medium.txt 843 195 1e+009 0.97674 640.373 4.01275e+008 0.977134
psmerge_small.txt 82 77 1e+009 0.953826 12502 1.07191e+006 0.9545
scoop_large..txt 103 100 1e+009 0.963584 781.354 111035 0.963678
scoop_large.txt 103 100 1e+009 0.978801 781.266 110111 0.978836
scoop_medium.txt 53 50 1e+009 0.975519 781.976 57182.9 0.97647
scoop_small.txt 8 5 1e+009 0.979521 781.976 5534.36 0.979689
