44
CyberShake_100.txt 102 48 13.8663 0.987881 13.8642 34353.3 0.987881
CyberShake_50.txt 52 23 15.9588 0.980469 15.9588 18166.5 0.990951
Epigenomics_100.txt 102 24 1814.5 0.985067 1296.07 1.0857e+007 0.985537
Epigenomics_24.txt 26 5 338.993 0.953898 338.848 250067 0.959035
Epigenomics_46.txt 49 5 469.413 0.977329 465.953 542423 0.978474
Inspiral_100.txt 102 11 80.9518 0.958835 80.9061 322248 0.958836
Inspiral_1000.txt 1002 40 85.8492 0.966073 85.8425 4.09772e+006 0.966074
Inspiral_30.txt 32 7 81.0988 0.977154 81.0985 95415.5 0.979034
Inspiral_50.txt 52 12 85.6919 0.96939 85.6725 168084 0.97028
Montage_100.txt 102 62 4.29553 0.962201 4.29523 20784.2 0.996414
Montage_1000.txt 1002 662 22.3802 0.95582 22.3751 256897 0.996895
Montage_25.txt 27 9 2.82502 0.977441 2.82454 4248 0.999601
Montage_50.txt 52 28 3.38686 0.999795 3.34826 10301.2 0.999795
Sipht_100.txt 99 23 271.809 0.961594 271.794 255470 0.961594
Sipht_1000.txt 970 32 322.843 0.971819 322.825 2.26444e+006 0.971819
Sipht_30.txt 31 17 267.798 0.966659 267.778 83894.5 0.966678
Sipht_60.txt 60 18 281.817 0.998095 278.679 191909 0.998095
avianflu_large.txt 2004 2000 131.198 0.972164 93.7131 1.50993e+008 0.972192
avianflu_medium.txt 1004 1000 131.198 0.953946 93.7131 5.79758e+007 0.953998
avianflu_small.txt 104 100 131.198 0.973475 127.182 4.12799e+006 0.973622
cadsr.txt 6 2 1.2148 0.974207 1.2122 387.282 0.999946
floodplain.txt 9 2 7106.57 0.969509 6769.79 2.60628e+006 0.969976
gene2life.txt 10 2 32.7996 0.987958 32.7935 19073.7 0.99991
glimmer.txt 6 1 5.95252 0.983227 5.92524 1791.34 0.999648
leadadas.txt 8 3 302.849 0.962136 301.295 97231.1 0.96577
leaddm..txt 5 1 13.9702 0.954464 12.3773 4631.24 0.999491
leaddm.txt 5 1 13.9702 0.966377 12.3773 4631.24 0.999491
leadmm..txt 8 3 302.849 0.99353 227.948 111572 0.995915
leadmm.txt 8 3 302.849 0.984061 227.948 111497 0.991132
mcstas.txt 5 1 270925 0.96471 193518 2.05616e+008 0.970759
mememast.txt 4 1 7.28879 0.960145 7.16073 2174.38 0.999991
molsci.txt 7 2 61.9548 0.97132 55.4097 25870.2 0.976752
motif_large.txt 505 500 552.126 0.950624 394.376 9.77507e+007 0.950639
motif_medium.txt 140 135 552.126 0.989117 394.376 2.80503e+007 0.989276
motif_small.txt 15 10 552.126 0.964782 544.206 1.27571e+006 0.96496
psload_large.txt 5086 1000 3.037 0.955952 3.03692 2.30743e+006 0.955957
psload_medium.txt 491 100 3.037 0.995438 2.74336 210544 0.995438
psload_small.txt 6 1 3.037 0.970096 2.91304 944.689 0.999843
psmerge_medium.txt 843 195 896.522 0.997582 640.373 4.12477e+008 0.997947
psmerge_small.txt 82 77 896.522 0.99591 640.373 3.65263e+007 0.996243
scoop_large..txt 103 100 54.7267 0.97829 44.3927 2.06516e+006 0.978452
scoop_large.txt 103 100 54.7267 0.989211 44.247 2.06716e+006 0.989284
scoop_medium.txt 53 50 54.7267 0.980793 44.3927 1.02907e+006 0.980885
scoop_small.txt 8 5 54.7267 0.995641 42.4378 98128.7 0.996965
