44
CyberShake_100.txt 102 48 17.8281 0.99 17.8248 31145.2 0.99
CyberShake_50.txt 52 23 20.5185 0.99 20.5185 19222.2 0.99
Epigenomics_100.txt 102 24 2332.93 0.99 1296.07 1.35694e+007 0.990578
Epigenomics_24.txt 26 5 435.848 0.99 434.163 199041 0.993125
Epigenomics_46.txt 49 5 603.531 0.99 602.327 415978 0.990099
Inspiral_100.txt 102 11 104.081 0.99 103.908 323570 0.990081
Inspiral_1000.txt 1002 40 110.378 0.99 110.258 3.76136e+006 0.99
Inspiral_30.txt 32 7 104.27 0.99 104.246 88619.4 0.990533
Inspiral_50.txt 52 12 110.175 0.99 109.756 183567 0.99
Montage_100.txt 102 62 5.52282 0.99 5.52276 18162.5 0.994929
Montage_1000.txt 1002 662 28.7746 0.99 28.7549 256484 0.99435
Montage_25.txt 27 9 3.63216 0.99 3.63169 3937.93 0.994755
Montage_50.txt 52 28 4.35453 0.99 4.35416 9394.74 0.998665
Sipht_100.txt 99 23 349.469 0.99 349.185 213051 0.99
Sipht_1000.txt 970 32 415.084 0.99 414.927 3.07209e+006 0.990298
Sipht_30.txt 31 17 344.311 0.99 342.041 69302.8 0.99
Sipht_60.txt 60 18 362.336 0.99 362.216 132072 0.990035
avianflu_large.txt 2004 2000 168.684 0.99 93.7131 1.60659e+008 0.990042
avianflu_medium.txt 1004 1000 168.684 0.99 93.7131 7.76828e+007 0.990048
avianflu_small.txt 104 100 168.684 0.99 157.841 3.52109e+006 0.990044
cadsr.txt 6 2 1.56188 0.99 1.55446 357.045 0.999972
floodplain.txt 9 2 9137.02 0.99 9063.2 2.16712e+006 0.990471
gene2life.txt 10 2 42.1709 0.99 42.1591 16788.7 0.996146
glimmer.txt 6 1 7.65323 0.99 7.45821 1323.45 0.999993
leadadas.txt 8 3 389.378 0.99 379.136 74081.1 0.998454
leaddm..txt 5 1 17.9617 0.99 16.3619 3717.03 0.999984
leaddm.txt 5 1 17.9617 0.99 16.3619 3717.03 0.999984
leadmm..txt 8 3 389.378 0.99 379.136 69681.5 0.993649
leadmm.txt 8 3 389.378 0.99 379.136 69681.5 0.993649
mcstas.txt 5 1 348332 0.99 193518 2.05616e+008 0.970759
mememast.txt 4 1 9.37131 0.99 9.18752 1956.08 0.999397
molsci.txt 7 2 79.6561 0.99 73.9426 22378.2 0.998484
motif_large.txt 505 500 709.877 0.99 394.376 1.19408e+008 0.990183
motif_medium.txt 140 135 709.877 0.99 394.376 2.85481e+007 0.990203
motif_small.txt 15 10 709.877 0.99 670.738 662049 0.992725
psload_large.txt 5086 1000 3.90471 0.99 3.83968 1.2266e+006 0.990979
psload_medium.txt 491 100 3.90471 0.99 3.83968 116263 0.999116
psload_small.txt 6 1 3.90471 0.99 3.83968 732.08 0.999958
psmerge_medium.txt 843 195 1152.67 0.99 640.373 4.08245e+008 0.990033
psmerge_small.txt 82 77 1152.67 0.99 640.373 3.32902e+007 0.990196
scoop_large..txt 103 100 70.3629 0.99 69.4647 1.18715e+006 0.990843
scoop_large.txt 103 100 70.3629 0.99 69.4647 1.18715e+006 0.990843
scoop_medium.txt 53 50 70.3629 0.99 69.9403 593575 0.992717
scoop_small.txt 8 5 70.3629 0.99 69.9403 59358.3 0.996751
