44
CyberShake_100.txt 102 48 10.5449 0.999238 10.5441 39244.3 0.999238
CyberShake_50.txt 52 23 13.9071 0.971779 13.9069 18743.6 0.986592
Epigenomics_100.txt 102 24 1730.2 0.980509 1730.2 6.55136e+006 0.980509
Epigenomics_24.txt 26 5 355.688 0.977188 355.685 241613 0.98037
Epigenomics_46.txt 49 5 419.885 0.990211 419.83 631770 0.990434
Inspiral_100.txt 102 11 69.894 0.992684 69.879 380404 0.992684
Inspiral_1000.txt 1002 40 81.0208 0.965563 81.0088 4.11673e+006 0.965853
Inspiral_30.txt 32 7 82.3354 0.999136 82.3324 102587 0.999152
Inspiral_50.txt 52 12 61.2413 0.976898 61.2334 223966 0.97721
Montage_100.txt 102 62 3.70908 0.99294 3.70889 21963.9 0.99959
Montage_1000.txt 1002 662 22.9523 0.968029 22.9419 256843 0.995024
Montage_25.txt 27 9 2.17938 0.956147 2.17511 4929.88 0.999378
Montage_50.txt 52 28 2.6031 0.996935 2.60301 11005.1 0.996967
Sipht_100.txt 99 23 248.134 0.963154 248.115 269132 0.963154
Sipht_1000.txt 970 32 313.7 0.982343 313.686 2.29272e+006 0.982343
Sipht_30.txt 31 17 207.029 0.999923 191.284 255682 1
Sipht_60.txt 60 18 244.79 0.98462 244.766 194538 0.98462
avianflu_large.txt 2004 2000 127.243 0.988087 93.7131 1.59622e+008 0.988112
avianflu_medium.txt 1004 1000 117.089 0.986775 93.7131 7.59403e+007 0.986807
avianflu_small.txt 104 100 124.233 0.990482 98.2926 4.15489e+006 0.991151
cadsr.txt 6 2 0.890288 0.990847 0.888562 450.605 0.999994
floodplain.txt 9 2 6975.05 0.987267 6969.03 2.60348e+006 0.988155
gene2life.txt 10 2 27.1874 0.991628 27.1134 22679.1 0.997067
glimmer.txt 6 1 4.56102 0.992714 4.48077 2146.94 0.999943
leadadas.txt 8 3 232.492 0.962015 227.948 115288 0.98034
leaddm..txt 5 1 13.024 0.952026 12.3773 4631.24 0.999491
leaddm.txt 5 1 12.148 0.999855 10.3069 5140.95 0.999914
leadmm..txt 8 3 232.155 0.960469 227.948 111497 0.991132
leadmm.txt 8 3 301.317 0.956672 301.295 93439.7 0.976401
mcstas.txt 5 1 225696 0.977396 193518 2.05616e+008 0.970759
mememast.txt 4 1 5.29132 0.966022 5.20628 2765.89 0.999995
molsci.txt 7 2 55.7936 0.993246 55.4097 26630.3 0.9962
motif_large.txt 505 500 557.838 0.992605 394.376 1.20777e+008 0.992738
motif_medium.txt 140 135 527.391 0.97954 394.376 2.28227e+007 0.979592
motif_small.txt 15 10 548.143 0.991956 536.371 1.28108e+006 0.992015
psload_large.txt 5086 1000 2.36694 0.95757 2.34742 2.34401e+006 0.95757
psload_medium.txt 491 100 3.11197 0.983658 3.10906 138929 0.99911
psload_small.txt 6 1 2.31887 0.998407 2.31077 1084.66 0.999855
psmerge_medium.txt 843 195 675.741 0.97674 640.373 4.01275e+008 0.977134
psmerge_small.txt 82 77 790.126 0.953826 785.116 1.9201e+007 0.953871
scoop_large..txt 103 100 41.9868 0.963584 41.9864 2.00506e+006 0.963803
scoop_large.txt 103 100 51.4142 0.978801 44.3927 2.06628e+006 0.978972
scoop_medium.txt 53 50 45.81 0.975519 44.3927 1.0248e+006 0.975648
scoop_small.txt 8 5 51.9838 0.979521 44.8683 94467.4 0.979522
