44
CyberShake_100.txt 102 48 10.895 0.99 10.8945 41684 0.99
CyberShake_50.txt 52 23 12.5391 0.99 12.539 22806.6 0.996517
Epigenomics_100.txt 102 24 1425.68 0.99 1296.07 1.35694e+007 0.990578
Epigenomics_24.txt 26 5 266.351 0.99 260.704 364473 0.990281
Epigenomics_46.txt 49 5 368.824 0.99 366.478 832724 0.99
Inspiral_100.txt 102 11 63.605 0.99 63.5437 388071 0.99
Inspiral_1000.txt 1002 40 67.453 0.99 67.3995 5.24604e+006 0.99
Inspiral_30.txt 32 7 63.7205 0.99 63.6352 123589 0.990003
Inspiral_50.txt 52 12 67.3294 0.99 67.108 238281 0.99
Montage_100.txt 102 62 3.37506 0.99 3.37456 23095.1 0.99821
Montage_1000.txt 1002 662 17.5845 0.99 17.5747 257789 0.990588
Montage_25.txt 27 9 2.21965 0.99 2.21899 4879.31 0.996079
Montage_50.txt 52 28 2.6611 0.99 2.66057 10929.5 0.994903
Sipht_100.txt 99 23 213.565 0.99 213.562 326712 0.99
Sipht_1000.txt 970 32 253.662 0.99 253.573 3.27739e+006 0.990006
Sipht_30.txt 31 17 210.413 0.99 206.226 105995 0.990004
Sipht_60.txt 60 18 221.427 0.99 218.736 218850 0.99
avianflu_large.txt 2004 2000 103.084 0.99 93.7131 1.60659e+008 0.990042
avianflu_medium.txt 1004 1000 103.084 0.99 93.7131 7.76828e+007 0.990048
avianflu_small.txt 104 100 103.084 0.99 98.2926 4.15266e+006 0.990098
cadsr.txt 6 2 0.954485 0.99 0.952218 432.851 0.999645
floodplain.txt 9 2 5583.74 0.99 5564.08 3.13458e+006 0.990386
gene2life.txt 10 2 25.7711 0.99 25.401 23225.4 0.996866
glimmer.txt 6 1 4.67698 0.99 4.67626 2055.42 0.999567
leadadas.txt 8 3 237.953 0.99 227.948 115896 0.995925
leaddm..txt 5 1 10.9766 0.99 10.5871 5009.76 0.999375
leaddm.txt 5 1 10.9766 0.99 10.5871 5009.76 0.999375
leadmm..txt 8 3 237.953 0.99 227.948 111497 0.991132
leadmm.txt 8 3 237.953 0.99 227.948 111497 0.991132
mcstas.txt 5 1 212869 0.99 193518 2.05616e+008 0.970759
mememast.txt 4 1 5.72691 0.99 5.48926 2630.3 0.999709
molsci.txt 7 2 48.6787 0.99 47.0832 28390.9 0.995662
motif_large.txt 505 500 433.813 0.99 394.376 1.19408e+008 0.990183
motif_medium.txt 140 135 433.813 0.99 394.376 2.85481e+007 0.990203
motif_small.txt 15 10 433.813 0.99 420.171 1.31515e+006 0.990362
psload_large.txt 5086 1000 2.38621 0.99 2.33621 2.35983e+006 0.99
psload_medium.txt 491 100 2.38621 0.99 2.34742 217002 0.99
psload_small.txt 6 1 2.38621 0.99 2.35793 1062.06 0.999807
psmerge_medium.txt 843 195 704.41 0.99 640.373 4.08245e+008 0.990033
psmerge_small.txt 82 77 704.41 0.99 640.373 3.32902e+007 0.990196
scoop_large..txt 103 100 42.9996 0.99 42.4378 2.06211e+006 0.99011
scoop_large.txt 103 100 42.9996 0.99 42.4378 2.06211e+006 0.99011
scoop_medium.txt 53 50 42.9996 0.99 42.2921 1.02043e+006 0.990037
scoop_small.txt 8 5 42.9996 0.99 42.9134 98128.4 0.994359
