44
CyberShake_100.txt 102 48 24.7613 0.99 24.7347 31197.7 0.990013
CyberShake_50.txt 52 23 28.4979 0.99 28.4978 12884.1 0.993824
Epigenomics_100.txt 102 24 3240.18 0.99 1296.07 1.35694e+007 0.990578
Epigenomics_24.txt 26 5 605.344 0.99 596.98 157863 0.990662
Epigenomics_46.txt 49 5 838.237 0.99 810.989 354238 0.990084
Inspiral_100.txt 102 11 144.557 0.99 142.854 339437 0.99002
Inspiral_1000.txt 1002 40 153.302 0.99 152.941 4.01473e+006 0.990001
Inspiral_30.txt 32 7 144.819 0.99 144.446 61225.3 0.990026
Inspiral_50.txt 52 12 153.021 0.99 152.815 154113 0.99
Montage_100.txt 102 62 7.67059 0.99 7.66979 16577.7 0.994753
Montage_1000.txt 1002 662 39.9647 0.99 39.6772 255990 0.996215
Montage_25.txt 27 9 5.04467 0.99 5.04063 3621.39 0.998748
Montage_50.txt 52 28 6.04796 0.99 6.04645 8174.23 0.998063
Sipht_100.txt 99 23 485.374 0.99 463.888 187721 0.99
Sipht_1000.txt 970 32 576.505 0.99 575.304 2.39578e+006 0.990003
Sipht_30.txt 31 17 478.21 0.99 450.788 53969 0.99
Sipht_60.txt 60 18 503.244 0.99 503.14 100958 0.99
avianflu_large.txt 2004 2000 234.283 0.99 93.7131 1.60659e+008 0.990042
avianflu_medium.txt 1004 1000 234.283 0.99 93.7131 7.76828e+007 0.990048
avianflu_small.txt 104 100 234.283 0.99 229.929 1.84664e+006 0.990078
cadsr.txt 6 2 2.16928 0.99 2.14343 294.503 0.999908
floodplain.txt 9 2 12690.3 0.99 12577 1.91165e+006 0.990039
gene2life.txt 10 2 58.5707 0.99 56.1351 14472.9 0.991276
glimmer.txt 6 1 10.6295 0.99 10.6247 1022.05 0.995313
leadadas.txt 8 3 540.803 0.99 442.454 65451.9 0.998391
leaddm..txt 5 1 24.9468 0.99 24.0009 3192.59 0.99127
leaddm.txt 5 1 24.9468 0.99 24.0009 3192.59 0.99127
leadmm..txt 8 3 540.803 0.99 442.454 61052.4 0.993586
leadmm.txt 8 3 540.803 0.99 442.454 61052.4 0.993586
mcstas.txt 5 1 483794 0.99 193518 2.05616e+008 0.970759
mememast.txt 4 1 13.0157 0.99 13.0116 1728.82 0.999987
molsci.txt 7 2 110.633 0.99 97.6104 20452 0.990644
motif_large.txt 505 500 985.94 0.99 394.376 1.19408e+008 0.990183
motif_medium.txt 140 135 985.94 0.99 394.376 2.85481e+007 0.990203
motif_small.txt 15 10 985.94 0.99 981.159 600506 0.990155
psload_large.txt 5086 1000 5.42321 0.99 5.33195 1.13185e+006 0.990001
psload_medium.txt 491 100 5.42321 0.99 5.33195 105295 0.99
psload_small.txt 6 1 5.42321 0.99 5.33195 564.904 0.999602
psmerge_medium.txt 843 195 1600.93 0.99 640.373 4.08245e+008 0.990033
psmerge_small.txt 82 77 1600.93 0.99 640.373 3.32902e+007 0.990196
scoop_large..txt 103 100 97.7263 0.99 95.6821 948904 0.990007
scoop_large.txt 103 100 97.7263 0.99 95.6821 948904 0.990007
scoop_medium.txt 53 50 97.7263 0.99 95.916 483661 0.990432
scoop_small.txt 8 5 97.7263 0.99 96.3916 47556.8 0.991566
