44
CyberShake_100.txt 102 48 14.8568 0.99 14.8555 26552.2 0.99
CyberShake_50.txt 52 23 17.0987 0.99 17.0986 18132.2 0.992573
Epigenomics_100.txt 102 24 1944.11 0.99 1296.07 1.35694e+007 0.990578
Epigenomics_24.txt 26 5 363.207 0.99 363.206 256849 0.995061
Epigenomics_46.txt 49 5 502.942 0.99 502.195 524290 0.990096
Inspiral_100.txt 102 11 86.7341 0.99 86.6594 315126 0.99
Inspiral_1000.txt 1002 40 91.9813 0.99 91.9467 5.25352e+006 0.990008
Inspiral_30.txt 32 7 86.8915 0.99 86.8784 90850.2 0.99083
Inspiral_50.txt 52 12 91.8128 0.99 91.7185 174259 0.990009
Montage_100.txt 102 62 4.60235 0.99 4.60161 21179.7 0.99
Montage_1000.txt 1002 662 23.9788 0.99 23.9784 256747 0.997441
Montage_25.txt 27 9 3.0268 0.99 3.02661 4167.31 0.997728
Montage_50.txt 52 28 3.62878 0.99 3.62861 9838.53 0.998341
Sipht_100.txt 99 23 291.224 0.99 290.946 238965 0.99
Sipht_1000.txt 970 32 345.903 0.99 345.355 4.48393e+006 0.99005
Sipht_30.txt 31 17 286.926 0.99 286.881 78231.1 0.99
Sipht_60.txt 60 18 301.946 0.99 301.735 156109 0.99
avianflu_large.txt 2004 2000 140.57 0.99 93.7131 1.60659e+008 0.990042
avianflu_medium.txt 1004 1000 140.57 0.99 93.7131 7.76828e+007 0.990048
avianflu_small.txt 104 100 140.57 0.99 98.2926 4.15266e+006 0.990098
cadsr.txt 6 2 1.30157 0.99 1.29325 366.882 0.999949
floodplain.txt 9 2 7614.19 0.99 7391.88 2.51101e+006 0.990782
gene2life.txt 10 2 35.1424 0.99 35.0935 18065.8 0.999928
glimmer.txt 6 1 6.3777 0.99 5.92524 1791.34 0.999648
leadadas.txt 8 3 324.482 0.99 227.948 115896 0.995925
leaddm..txt 5 1 14.9681 0.99 14.5746 3960.61 0.999985
leaddm.txt 5 1 14.9681 0.99 14.5746 3960.61 0.999985
leadmm..txt 8 3 324.482 0.99 227.948 111497 0.991132
leadmm.txt 8 3 324.482 0.99 227.948 111497 0.991132
mcstas.txt 5 1 290276 0.99 193518 2.05616e+008 0.970759
mememast.txt 4 1 7.80942 0.99 7.34389 2142.32 0.999993
molsci.txt 7 2 66.3801 0.99 65.6295 23511.1 0.998492
motif_large.txt 505 500 591.564 0.99 394.376 1.19408e+008 0.990183
motif_medium.txt 140 135 591.564 0.99 394.376 2.85481e+007 0.990203
motif_small.txt 15 10 591.564 0.99 591.301 767629 0.995553
psload_large.txt 5086 1000 3.25393 0.99 3.25081 1.39644e+006 0.990002
psload_medium.txt 491 100 3.25393 0.99 3.25081 132008 0.998979
psload_small.txt 6 1 3.25393 0.99 3.25081 834.454 0.999994
psmerge_medium.txt 843 195 960.559 0.99 640.373 4.08245e+008 0.990033
psmerge_small.txt 82 77 960.559 0.99 640.373 3.32902e+007 0.990196
scoop_large..txt 103 100 58.6358 0.99 56.5625 2.06415e+006 0.990006
scoop_large.txt 103 100 58.6358 0.99 56.5625 2.06415e+006 0.990006
scoop_medium.txt 53 50 58.6358 0.99 56.6487 1.02562e+006 0.990064
scoop_small.txt 8 5 58.6358 0.99 56.8826 91016.6 0.991102
