44
CyberShake_100.txt 102 48 1e+009 0.9 251.339 2601.81 0.9
CyberShake_50.txt 52 23 1e+009 0.9 289.311 1538.56 0.9
Epigenomics_100.txt 102 24 1e+009 0.9 23292.6 518702 0.900623
Epigenomics_24.txt 26 5 1e+009 0.9 4603.1 25805 0.905245
Epigenomics_46.txt 49 5 1e+009 0.9 6629.65 55975.3 0.900084
Inspiral_100.txt 102 11 1e+009 0.9 1190.65 109195 0.9
Inspiral_1000.txt 1002 40 1e+009 0.9 1134.12 1.99057e+006 0.900074
Inspiral_30.txt 32 7 1e+009 0.9 1194.29 11366.2 0.900055
Inspiral_50.txt 52 12 1e+009 0.9 1260.62 20324.3 0.90002
Montage_100.txt 102 62 1e+009 0.9 59.745 4458.04 0.904383
Montage_1000.txt 1002 662 1e+009 0.9 159.224 255565 0.913506
Montage_25.txt 27 9 1e+009 0.9 39.5533 1997.77 0.907426
Montage_50.txt 52 28 1e+009 0.9 44.2456 2830.54 0.917646
Sipht_100.txt 99 23 1e+009 0.9 3474.92 49281.2 0.9
Sipht_1000.txt 970 32 1e+009 0.9 4321.62 453682 0.9
Sipht_30.txt 31 17 1e+009 0.9 3419.93 17176.7 0.900004
Sipht_60.txt 60 18 1e+009 0.9 3775.16 24599.6 0.9
avianflu_large.txt 2004 2000 1e+009 0.9 93.7131 1.10002e+008 0.900007
avianflu_medium.txt 1004 1000 1e+009 0.9 1576.42 2.24168e+006 0.900091
avianflu_small.txt 104 100 1e+009 0.9 1576.42 244158 0.900833
cadsr.txt 6 2 1e+009 0.9 23.8654 127.378 0.958818
floodplain.txt 9 2 1e+009 0.9 51537.6 1.39515e+006 0.919223
gene2life.txt 10 2 1e+009 0.9 372.43 10424.6 0.910771
glimmer.txt 6 1 1e+009 0.9 99.434 284.589 0.983313
leadadas.txt 8 3 1e+009 0.9 3980.74 20904.4 0.944986
leaddm..txt 5 1 1e+009 0.9 146.407 2471.57 0.976165
leaddm.txt 5 1 1e+009 0.9 146.407 2471.57 0.976165
leadmm..txt 8 3 1e+009 0.9 3980.74 17113 0.955389
leadmm.txt 8 3 1e+009 0.9 3980.74 17113 0.955389
mcstas.txt 5 1 1e+009 0.9 193518 2.05616e+008 0.970759
mememast.txt 4 1 1e+009 0.9 68.6611 1449.74 0.988842
molsci.txt 7 2 1e+009 0.9 591.372 15843.7 0.929185
motif_large.txt 505 500 1e+009 0.9 394.376 6.87503e+007 0.900148
motif_medium.txt 140 135 1e+009 0.9 7497.43 936171 0.900378
motif_small.txt 15 10 1e+009 0.9 7497.43 80690.4 0.918083
psload_large.txt 5086 1000 1e+009 0.9 57.2833 229521 0.9
psload_medium.txt 491 100 1e+009 0.9 56.4019 23362.9 0.900001
psload_small.txt 6 1 1e+009 0.9 58.7404 265.889 0.917615
psmerge_medium.txt 843 195 1e+009 0.9 640.373 3.57712e+008 0.900242
psmerge_small.txt 82 77 1e+009 0.9 12502 1.07191e+006 0.900228
scoop_large..txt 103 100 1e+009 0.9 860.826 111133 0.900026
scoop_large.txt 103 100 1e+009 0.9 860.826 111133 0.900026
scoop_medium.txt 53 50 1e+009 0.9 861.301 55103 0.902063
scoop_small.txt 8 5 1e+009 0.9 861.301 5296.84 0.900031
