44
CyberShake_100.txt 102 48 14.8568 0.9 14.8564 26296.3 0.986082
CyberShake_50.txt 52 23 17.0987 0.9 17.0986 18132.2 0.992573
Epigenomics_100.txt 102 24 1944.11 0.9 1911.79 5.0441e+006 0.900196
Epigenomics_24.txt 26 5 363.207 0.9 363.206 240796 0.981902
Epigenomics_46.txt 49 5 502.942 0.9 502.171 485479 0.900074
Inspiral_100.txt 102 11 86.7341 0.9 86.7295 300393 0.900732
Inspiral_1000.txt 1002 40 91.9813 0.9 91.9595 3.92422e+006 0.9
Inspiral_30.txt 32 7 86.8915 0.9 86.8857 87503.2 0.909348
Inspiral_50.txt 52 12 91.8128 0.9 91.8077 157021 0.943119
Montage_100.txt 102 62 4.60235 0.9 4.60161 20304.7 0.98427
Montage_1000.txt 1002 662 23.9788 0.9 23.9784 256747 0.997441
Montage_25.txt 27 9 3.0268 0.9 3.02661 4167.31 0.997728
Montage_50.txt 52 28 3.62878 0.9 3.62861 9838.53 0.998341
Sipht_100.txt 99 23 291.224 0.9 291.049 234201 0.9
Sipht_1000.txt 970 32 345.903 0.9 345.897 2.15868e+006 0.9
Sipht_30.txt 31 17 286.926 0.9 286.881 78216.3 0.900001
Sipht_60.txt 60 18 301.946 0.9 301.903 155017 0.9
avianflu_large.txt 2004 2000 140.57 0.9 93.7131 1.10002e+008 0.900007
avianflu_medium.txt 1004 1000 140.57 0.9 127.182 4.14559e+007 0.900288
avianflu_small.txt 104 100 140.57 0.9 127.182 4.02624e+006 0.900072
cadsr.txt 6 2 1.30157 0.9 1.29325 366.882 0.999949
floodplain.txt 9 2 7614.19 0.9 7468.29 2.47275e+006 0.902076
gene2life.txt 10 2 35.1424 0.9 35.0935 18065.8 0.999928
glimmer.txt 6 1 6.3777 0.9 5.92524 1791.34 0.999648
leadadas.txt 8 3 324.482 0.9 301.295 97231.1 0.96577
leaddm..txt 5 1 14.9681 0.9 14.5746 3960.61 0.999985
leaddm.txt 5 1 14.9681 0.9 14.5746 3960.61 0.999985
leadmm..txt 8 3 324.482 0.9 301.295 93439.7 0.976401
leadmm.txt 8 3 324.482 0.9 301.295 93439.7 0.976401
mcstas.txt 5 1 290276 0.9 193518 2.05616e+008 0.970759
mememast.txt 4 1 7.80942 0.9 7.34389 2142.32 0.999993
molsci.txt 7 2 66.3801 0.9 65.6295 22751 0.979
motif_large.txt 505 500 591.564 0.9 394.376 6.87503e+007 0.900148
motif_medium.txt 140 135 591.564 0.9 591.301 9.31058e+006 0.943848
motif_small.txt 15 10 591.564 0.9 591.301 767629 0.995553
psload_large.txt 5086 1000 3.25393 0.9 3.25081 1.39508e+006 0.989362
psload_medium.txt 491 100 3.25393 0.9 3.25081 132008 0.998979
psload_small.txt 6 1 3.25393 0.9 3.25081 834.454 0.999994
psmerge_medium.txt 843 195 960.559 0.9 640.373 3.57712e+008 0.900242
psmerge_small.txt 82 77 960.559 0.9 958.453 1.91136e+007 0.901462
scoop_large..txt 103 100 58.6358 0.9 56.7368 1.9381e+006 0.90006
scoop_large.txt 103 100 58.6358 0.9 56.7368 1.9381e+006 0.90006
scoop_medium.txt 53 50 58.6358 0.9 56.8826 897168 0.900144
scoop_small.txt 8 5 58.6358 0.9 57.3582 80348.1 0.979805
