44
CyberShake_100.txt 102 48 11.8854 0.99 11.8854 31674.6 0.99
CyberShake_50.txt 52 23 13.679 0.99 13.6775 19781.8 0.99
Epigenomics_100.txt 102 24 1555.29 0.99 1296.07 1.35694e+007 0.990578
Epigenomics_24.txt 26 5 290.565 0.99 290.525 336128 0.991192
Epigenomics_46.txt 49 5 402.354 0.99 401.707 817563 0.99
Inspiral_100.txt 102 11 69.3872 0.99 69.344 364214 0.99
Inspiral_1000.txt 1002 40 73.5851 0.99 73.4834 5.29454e+006 0.990001
Inspiral_30.txt 32 7 69.5132 0.99 68.4544 119484 0.99
Inspiral_50.txt 52 12 73.4502 0.99 73.0896 206158 0.990006
Montage_100.txt 102 62 3.68188 0.99 3.68134 22157.6 0.99716
Montage_1000.txt 1002 662 19.1831 0.99 19.1817 257292 0.997477
Montage_25.txt 27 9 2.42144 0.99 2.42121 4631.82 0.998935
Montage_50.txt 52 28 2.90302 0.99 2.90266 10477.2 0.999906
Sipht_100.txt 99 23 232.979 0.99 232.873 303485 0.99
Sipht_1000.txt 970 32 276.723 0.99 275.218 3.43397e+006 0.990006
Sipht_30.txt 31 17 229.541 0.99 226.577 101692 0.990001
Sipht_60.txt 60 18 241.557 0.99 241.546 194589 0.99
avianflu_large.txt 2004 2000 112.456 0.99 93.7131 1.60659e+008 0.990042
avianflu_medium.txt 1004 1000 112.456 0.99 93.7131 7.76828e+007 0.990048
avianflu_small.txt 104 100 112.456 0.99 98.2926 4.15266e+006 0.990098
cadsr.txt 6 2 1.04126 0.99 1.03871 407.527 0.999997
floodplain.txt 9 2 6091.35 0.99 6067.16 2.97717e+006 0.990503
gene2life.txt 10 2 28.1139 0.99 28.1041 22556.3 0.993044
glimmer.txt 6 1 5.10216 0.99 4.67626 2055.42 0.999567
leadadas.txt 8 3 259.585 0.99 227.948 115896 0.995925
leaddm..txt 5 1 11.9744 0.99 11.9492 4682.91 0.990939
leaddm.txt 5 1 11.9744 0.99 11.9492 4682.91 0.990939
leadmm..txt 8 3 259.585 0.99 227.948 111497 0.991132
leadmm.txt 8 3 259.585 0.99 227.948 111497 0.991132
mcstas.txt 5 1 232221 0.99 193518 2.05616e+008 0.970759
mememast.txt 4 1 6.24754 0.99 6.1228 2478.27 0.995775
molsci.txt 7 2 53.1041 0.99 47.0832 28390.9 0.995662
motif_large.txt 505 500 473.251 0.99 394.376 1.19408e+008 0.990183
motif_medium.txt 140 135 473.251 0.99 394.376 2.85481e+007 0.990203
motif_small.txt 15 10 473.251 0.99 457.538 1.31496e+006 0.990645
psload_large.txt 5086 1000 2.60314 0.99 2.33621 2.35983e+006 0.99
psload_medium.txt 491 100 2.60314 0.99 2.59483 210990 0.99
psload_small.txt 6 1 2.60314 0.99 2.49671 1032.72 0.999816
psmerge_medium.txt 843 195 768.447 0.99 640.373 4.08245e+008 0.990033
psmerge_small.txt 82 77 768.447 0.99 640.373 3.32902e+007 0.990196
scoop_large..txt 103 100 46.9086 0.99 44.3927 2.06903e+006 0.990073
scoop_large.txt 103 100 46.9086 0.99 44.3927 2.06903e+006 0.990073
scoop_medium.txt 53 50 46.9086 0.99 44.1589 1.02735e+006 0.990077
scoop_small.txt 8 5 46.9086 0.99 44.3927 97416.8 0.990025
