44
CyberShake_100.txt 102 48 1e+009 0.999 185.824 2644.19 0.999
CyberShake_50.txt 52 23 1e+009 0.999 205.498 1588.81 0.999
Epigenomics_100.txt 102 24 1e+009 0.999 1296.07 1.8596e+007 0.999987
Epigenomics_24.txt 26 5 1e+009 0.999 4371.3 26655.4 0.999235
Epigenomics_46.txt 49 5 1e+009 0.999 335.295 1.45316e+006 0.999143
Inspiral_100.txt 102 11 1e+009 0.999 1133.3 109008 0.999001
Inspiral_1000.txt 1002 40 1e+009 0.999 61.3209 9.96816e+006 0.999005
Inspiral_30.txt 32 7 1e+009 0.999 1075.08 11426.6 0.999024
Inspiral_50.txt 52 12 1e+009 0.999 1199.87 19974.1 0.999061
Montage_100.txt 102 62 1e+009 0.999 27.3829 15187 0.99906
Montage_1000.txt 1002 662 1e+009 0.999 110.381 259065 0.999
Montage_25.txt 27 9 1e+009 0.999 25.6306 2267.62 0.99901
Montage_50.txt 52 28 1e+009 0.999 31.4206 7218.66 0.999
Sipht_100.txt 99 23 1e+009 0.999 3233.34 50452.8 0.999
Sipht_1000.txt 970 32 1e+009 0.999 230.602 7.50577e+006 0.999058
Sipht_30.txt 31 17 1e+009 0.999 3418.38 17203.3 0.999
Sipht_60.txt 60 18 1e+009 0.999 3514.05 24985.1 0.999
avianflu_large.txt 2004 2000 1e+009 0.999 93.7131 1.65472e+008 0.999051
avianflu_medium.txt 1004 1000 1e+009 0.999 93.7131 8.24954e+007 0.999057
avianflu_small.txt 104 100 1e+009 0.999 93.7131 7.8164e+006 0.999063
cadsr.txt 6 2 1e+009 0.999 13.9617 132.981 0.999018
floodplain.txt 9 2 1e+009 0.999 5076.12 7.38492e+006 0.99999
gene2life.txt 10 2 1e+009 0.999 269.385 10522 0.99923
glimmer.txt 6 1 1e+009 0.999 78.387 288.186 0.99922
leadadas.txt 8 3 1e+009 0.999 3586.62 22338.7 0.999803
leaddm..txt 5 1 1e+009 0.999 105.114 2493.16 0.999895
leaddm.txt 5 1 1e+009 0.999 105.114 2493.16 0.999895
leadmm..txt 8 3 1e+009 0.999 3586.62 17875.1 0.999908
leadmm.txt 8 3 1e+009 0.999 3586.62 17875.1 0.999908
mcstas.txt 5 1 1e+009 0.999 193518 2.05616e+008 0.970759
mememast.txt 4 1 1e+009 0.999 54.6297 1452.14 0.999477
molsci.txt 7 2 1e+009 0.999 486.743 16990.8 0.999323
motif_large.txt 505 500 1e+009 0.999 394.376 1.24137e+008 0.999036
motif_medium.txt 140 135 1e+009 0.999 394.376 3.32778e+007 0.999056
motif_small.txt 15 10 1e+009 0.999 394.376 2.16154e+006 0.999063
psload_large.txt 5086 1000 1e+009 0.999 2.16928 4.19401e+006 0.999001
psload_medium.txt 491 100 1e+009 0.999 40.101 28225.8 0.999
psload_small.txt 6 1 1e+009 0.999 35.1183 276.621 0.999653
psmerge_medium.txt 843 195 1e+009 0.999 640.373 4.13224e+008 0.99935
psmerge_small.txt 82 77 1e+009 0.999 640.373 3.80199e+007 0.999047
scoop_large..txt 103 100 1e+009 0.999 39.0905 3.63028e+006 0.999024
scoop_large.txt 103 100 1e+009 0.999 39.0905 3.63028e+006 0.999024
scoop_medium.txt 53 50 1e+009 0.999 39.0905 1.55586e+006 0.999024
scoop_small.txt 8 5 1e+009 0.999 781.266 5305.44 0.999047
