44
CyberShake_100.txt 102 48 14.8568 0.98 14.8564 26296.3 0.986082
CyberShake_50.txt 52 23 17.0987 0.98 17.0986 18132.2 0.992573
Epigenomics_100.txt 102 24 1944.11 0.98 1911.78 5.62606e+006 0.980008
Epigenomics_24.txt 26 5 363.207 0.98 363.206 240796 0.981902
Epigenomics_46.txt 49 5 502.942 0.98 502.621 511310 0.984133
Inspiral_100.txt 102 11 86.7341 0.98 86.6787 310088 0.98
Inspiral_1000.txt 1002 40 91.9813 0.98 91.9536 3.94293e+006 0.98
Inspiral_30.txt 32 7 86.8915 0.98 86.8784 89583 0.981272
Inspiral_50.txt 52 12 91.8128 0.98 91.7185 160773 0.980026
Montage_100.txt 102 62 4.60235 0.98 4.60161 20304.7 0.98427
Montage_1000.txt 1002 662 23.9788 0.98 23.9784 256747 0.997441
Montage_25.txt 27 9 3.0268 0.98 3.02661 4167.31 0.997728
Montage_50.txt 52 28 3.62878 0.98 3.62861 9838.53 0.998341
Sipht_100.txt 99 23 291.224 0.98 290.291 241134 0.98
Sipht_1000.txt 970 32 345.903 0.98 345.891 2.16706e+006 0.98
Sipht_30.txt 31 17 286.926 0.98 286.881 78228.9 0.98
Sipht_60.txt 60 18 301.946 0.98 301.622 155500 0.98
avianflu_large.txt 2004 2000 140.57 0.98 93.7131 1.55266e+008 0.980043
avianflu_medium.txt 1004 1000 140.57 0.98 93.7131 7.22893e+007 0.980049
avianflu_small.txt 104 100 140.57 0.98 127.182 4.1366e+006 0.980099
cadsr.txt 6 2 1.30157 0.98 1.29325 366.882 0.999949
floodplain.txt 9 2 7614.19 0.98 7418.22 2.50163e+006 0.981029
gene2life.txt 10 2 35.1424 0.98 35.0935 18065.8 0.999928
glimmer.txt 6 1 6.3777 0.98 5.92524 1791.34 0.999648
leadadas.txt 8 3 324.482 0.98 301.295 97839.2 0.981123
leaddm..txt 5 1 14.9681 0.98 14.5746 3960.61 0.999985
leaddm.txt 5 1 14.9681 0.98 14.5746 3960.61 0.999985
leadmm..txt 8 3 324.482 0.98 301.295 93514.9 0.981113
leadmm.txt 8 3 324.482 0.98 301.295 93514.9 0.981113
mcstas.txt 5 1 290276 0.98 193518 2.05616e+008 0.970759
mememast.txt 4 1 7.80942 0.98 7.34389 2142.32 0.999993
molsci.txt 7 2 66.3801 0.98 65.6295 23511.1 0.998492
motif_large.txt 505 500 591.564 0.98 394.376 1.13931e+008 0.980031
motif_medium.txt 140 135 591.564 0.98 394.376 2.30717e+007 0.980051
motif_small.txt 15 10 591.564 0.98 591.301 767629 0.995553
psload_large.txt 5086 1000 3.25393 0.98 3.25081 1.39508e+006 0.989362
psload_medium.txt 491 100 3.25393 0.98 3.25081 132008 0.998979
psload_small.txt 6 1 3.25393 0.98 3.25081 834.454 0.999994
psmerge_medium.txt 843 195 960.559 0.98 640.373 4.03018e+008 0.980343
psmerge_small.txt 82 77 960.559 0.98 640.373 2.78138e+007 0.980046
scoop_large..txt 103 100 58.6358 0.98 56.8826 2.05124e+006 0.980061
scoop_large.txt 103 100 58.6358 0.98 56.8826 2.05124e+006 0.980061
scoop_medium.txt 53 50 58.6358 0.98 56.8826 1.01272e+006 0.980127
scoop_small.txt 8 5 58.6358 0.98 56.8826 80348.4 0.982372
