44
CyberShake_100.txt 102 48 10.895 0.963483 10.8949 37236.5 0.984669
CyberShake_50.txt 52 23 12.5391 0.998998 12.5368 23074.5 0.998998
Epigenomics_100.txt 102 24 1425.68 0.972406 1395.65 8.86512e+006 0.972406
Epigenomics_24.txt 26 5 266.351 0.986295 260.704 364473 0.990281
Epigenomics_46.txt 49 5 368.824 0.969552 367.323 762550 0.969553
Inspiral_100.txt 102 11 63.605 0.980422 63.5629 379021 0.980422
Inspiral_1000.txt 1002 40 67.453 0.990786 61.3209 5.57986e+006 0.990788
Inspiral_30.txt 32 7 63.7205 0.951561 63.6352 119480 0.951561
Inspiral_50.txt 52 12 67.3294 0.993158 67.1812 246884 0.993159
Montage_100.txt 102 62 3.37506 0.951933 3.37456 23095.1 0.99821
Montage_1000.txt 1002 662 17.5845 0.966248 17.5747 257789 0.990588
Montage_25.txt 27 9 2.21965 0.962866 2.21899 4879.31 0.996079
Montage_50.txt 52 28 2.6611 0.957131 2.66057 10929.5 0.994903
Sipht_100.txt 99 23 213.565 0.990247 213.562 326713 0.990247
Sipht_1000.txt 970 32 253.662 0.960331 253.292 3.15584e+006 0.960797
Sipht_30.txt 31 17 210.413 0.973282 210.189 101529 0.973282
Sipht_60.txt 60 18 221.427 0.9683 221.162 206190 0.9683
avianflu_large.txt 2004 2000 103.084 0.990407 93.7131 1.60867e+008 0.990429
avianflu_medium.txt 1004 1000 103.084 0.987453 93.7131 7.63137e+007 0.9875
avianflu_small.txt 104 100 103.084 0.995863 93.7131 6.11538e+006 0.995869
cadsr.txt 6 2 0.954485 0.95786 0.952218 432.851 0.999645
floodplain.txt 9 2 5583.74 0.991759 5165.05 3.32928e+006 0.992207
gene2life.txt 10 2 25.7711 0.980654 25.401 23225.4 0.996866
glimmer.txt 6 1 4.67698 0.986379 4.67626 2055.42 0.999567
leadadas.txt 8 3 237.953 0.953129 237.874 110641 0.961808
leaddm..txt 5 1 10.9766 0.977049 10.5871 5009.76 0.999375
leaddm.txt 5 1 10.9766 0.969451 10.5871 5009.76 0.999375
leadmm..txt 8 3 237.953 0.956125 237.874 106849 0.972396
leadmm.txt 8 3 237.953 0.975788 237.874 106924 0.977088
mcstas.txt 5 1 212869 0.958702 193518 2.05616e+008 0.970759
mememast.txt 4 1 5.72691 0.999227 5.48926 2630.3 0.999709
molsci.txt 7 2 48.6787 0.971084 47.0832 27630.8 0.976225
motif_large.txt 505 500 433.813 0.992887 394.376 1.20901e+008 0.992971
motif_medium.txt 140 135 433.813 0.979772 394.376 2.29472e+007 0.979821
motif_small.txt 15 10 433.813 0.966208 428.432 1.30523e+006 0.966904
psload_large.txt 5086 1000 2.38621 0.983813 2.34742 2.35607e+006 0.983813
psload_medium.txt 491 100 2.38621 0.963344 2.34742 204766 0.963345
psload_small.txt 6 1 2.38621 0.988154 2.35793 1062.06 0.999807
psmerge_medium.txt 843 195 704.41 0.971682 640.373 3.98537e+008 0.972113
psmerge_small.txt 82 77 704.41 0.978049 640.373 2.68181e+007 0.978212
scoop_large..txt 103 100 42.9996 0.970625 42.204 2.01997e+006 0.970645
scoop_large.txt 103 100 42.9996 0.982621 42.4378 2.04645e+006 0.982769
scoop_medium.txt 53 50 42.9996 0.972992 42.204 983884 0.973059
scoop_small.txt 8 5 42.9996 0.976979 42.9134 98128.4 0.994359
