44
CyberShake_100.txt 102 48 13.8663 0.99 13.8639 34079.8 0.99
CyberShake_50.txt 52 23 15.9588 0.99 15.9588 18166.5 0.990951
Epigenomics_100.txt 102 24 1814.5 0.99 1296.07 1.35694e+007 0.990578
Epigenomics_24.txt 26 5 338.993 0.99 338.848 269069 0.995543
Epigenomics_46.txt 49 5 469.413 0.99 462.404 560178 0.990007
Inspiral_100.txt 102 11 80.9518 0.99 80.9061 326291 0.990001
Inspiral_1000.txt 1002 40 85.8492 0.99 85.8425 4.41138e+006 0.99
Inspiral_30.txt 32 7 81.0988 0.99 81.0985 98868.1 0.992035
Inspiral_50.txt 52 12 85.6919 0.99 85.6725 190465 0.99
Montage_100.txt 102 62 4.29553 0.99 4.29523 20784.2 0.996414
Montage_1000.txt 1002 662 22.3802 0.99 22.3751 256897 0.996895
Montage_25.txt 27 9 2.82502 0.99 2.82454 4248 0.999601
Montage_50.txt 52 28 3.38686 0.99 3.38677 9991.01 0.994162
Sipht_100.txt 99 23 271.809 0.99 260.267 270560 0.99
Sipht_1000.txt 970 32 322.843 0.99 321.922 3.57548e+006 0.990012
Sipht_30.txt 31 17 267.798 0.99 267.652 83901.2 0.99
Sipht_60.txt 60 18 281.817 0.99 270.591 191210 0.99
avianflu_large.txt 2004 2000 131.198 0.99 93.7131 1.60659e+008 0.990042
avianflu_medium.txt 1004 1000 131.198 0.99 93.7131 7.76828e+007 0.990048
avianflu_small.txt 104 100 131.198 0.99 98.2926 4.15266e+006 0.990098
cadsr.txt 6 2 1.2148 0.99 1.2122 387.282 0.999946
floodplain.txt 9 2 7106.57 0.99 6969.03 2.60348e+006 0.990004
gene2life.txt 10 2 32.7996 0.99 32.7935 19073.7 0.99991
glimmer.txt 6 1 5.95252 0.99 5.92524 1791.34 0.999648
leadadas.txt 8 3 302.849 0.99 227.948 115896 0.995925
leaddm..txt 5 1 13.9702 0.99 12.3773 4631.24 0.999491
leaddm.txt 5 1 13.9702 0.99 12.3773 4631.24 0.999491
leadmm..txt 8 3 302.849 0.99 227.948 111497 0.991132
leadmm.txt 8 3 302.849 0.99 227.948 111497 0.991132
mcstas.txt 5 1 270925 0.99 193518 2.05616e+008 0.970759
mememast.txt 4 1 7.28879 0.99 7.16073 2174.38 0.999991
molsci.txt 7 2 61.9548 0.99 55.4097 26630.3 0.9962
motif_large.txt 505 500 552.126 0.99 394.376 1.19408e+008 0.990183
motif_medium.txt 140 135 552.126 0.99 394.376 2.85481e+007 0.990203
motif_small.txt 15 10 552.126 0.99 536.371 1.27886e+006 0.991031
psload_large.txt 5086 1000 3.037 0.99 2.74336 2.27336e+006 0.99
psload_medium.txt 491 100 3.037 0.99 3.03692 208600 0.990005
psload_small.txt 6 1 3.037 0.99 2.91304 944.689 0.999843
psmerge_medium.txt 843 195 896.522 0.99 640.373 4.08245e+008 0.990033
psmerge_small.txt 82 77 896.522 0.99 640.373 3.32902e+007 0.990196
scoop_large..txt 103 100 54.7267 0.99 44.3927 2.06903e+006 0.990073
scoop_large.txt 103 100 54.7267 0.99 44.3927 2.06903e+006 0.990073
scoop_medium.txt 53 50 54.7267 0.99 44.1589 1.02735e+006 0.990077
scoop_small.txt 8 5 54.7267 0.99 44.3927 97416.8 0.990025
