44
CyberShake_100.txt 102 48 1e+009 0.99 198.46 2581.64 0.99
CyberShake_50.txt 52 23 1e+009 0.99 228.06 1530.57 0.99
Epigenomics_100.txt 102 24 1e+009 0.99 1296.07 1.35694e+007 0.990578
Epigenomics_24.txt 26 5 1e+009 0.99 4371.3 26346.5 0.990378
Epigenomics_46.txt 49 5 1e+009 0.99 5970.65 57626.7 0.99007
Inspiral_100.txt 102 11 1e+009 0.99 1077.85 109223 0.990037
Inspiral_1000.txt 1002 40 1e+009 0.99 1178.95 2.04244e+006 0.990087
Inspiral_30.txt 32 7 1e+009 0.99 1079.67 11964.5 0.99007
Inspiral_50.txt 52 12 1e+009 0.99 1140.55 20428.1 0.990049
Montage_100.txt 102 62 1e+009 0.99 25.7985 19743.5 0.992396
Montage_1000.txt 1002 662 1e+009 0.99 127.369 258102 0.99
Montage_25.txt 27 9 1e+009 0.99 31.4209 2083.65 0.990003
Montage_50.txt 52 28 1e+009 0.99 26.5084 7746.87 0.99238
Sipht_100.txt 99 23 1e+009 0.99 3346.99 50261.6 0.99
Sipht_1000.txt 970 32 1e+009 0.99 4194.48 456520 0.99
Sipht_30.txt 31 17 1e+009 0.99 3080.89 17811.3 0.99
Sipht_60.txt 60 18 1e+009 0.99 3400.58 25996.9 0.99
avianflu_large.txt 2004 2000 1e+009 0.99 93.7131 1.60659e+008 0.990042
avianflu_medium.txt 1004 1000 1e+009 0.99 93.7131 7.76828e+007 0.990048
avianflu_small.txt 104 100 1e+009 0.99 1576.42 230786 0.990106
cadsr.txt 6 2 1e+009 0.99 16.7314 131.945 0.997199
floodplain.txt 9 2 1e+009 0.99 51537.6 1.39515e+006 0.993898
gene2life.txt 10 2 1e+009 0.99 297.901 10441.5 0.991938
glimmer.txt 6 1 1e+009 0.99 86.3196 287.36 0.99219
leadadas.txt 8 3 1e+009 0.99 3586.62 22094.6 0.995256
leaddm..txt 5 1 1e+009 0.99 116.239 2476.73 0.998878
leaddm.txt 5 1 1e+009 0.99 116.239 2476.73 0.998878
leadmm..txt 8 3 1e+009 0.99 3586.62 17695 0.990467
leadmm.txt 8 3 1e+009 0.99 3586.62 17695 0.990467
mcstas.txt 5 1 1e+009 0.99 193518 2.05616e+008 0.970759
mememast.txt 4 1 1e+009 0.99 59.9181 1451.59 0.994784
molsci.txt 7 2 1e+009 0.99 538.488 16609.3 0.993358
motif_large.txt 505 500 1e+009 0.99 394.376 1.19408e+008 0.990183
motif_medium.txt 140 135 1e+009 0.99 394.376 2.85481e+007 0.990203
motif_small.txt 15 10 1e+009 0.99 7807.89 74004.3 0.990566
psload_large.txt 5086 1000 1e+009 0.99 38.6438 285792 0.990001
psload_medium.txt 491 100 1e+009 0.99 44.4725 22334.5 0.99
psload_small.txt 6 1 1e+009 0.99 44.4725 275.023 0.992549
psmerge_medium.txt 843 195 1e+009 0.99 640.373 4.08245e+008 0.990033
psmerge_small.txt 82 77 1e+009 0.99 640.373 3.32902e+007 0.990196
scoop_large..txt 103 100 1e+009 0.99 781.266 108265 0.990015
scoop_large.txt 103 100 1e+009 0.99 781.266 108265 0.990015
scoop_medium.txt 53 50 1e+009 0.99 781.266 54311.2 0.990014
scoop_small.txt 8 5 1e+009 0.99 781.266 5534.7 0.990068
