44
CyberShake_100.txt 102 48 14.8568 0.95 14.8567 26130.4 0.970734
CyberShake_50.txt 52 23 17.0987 0.95 17.0987 15996.8 0.980845
Epigenomics_100.txt 102 24 1944.11 0.95 1903.35 5.12036e+006 0.950015
Epigenomics_24.txt 26 5 363.207 0.95 360.822 209186 0.972522
Epigenomics_46.txt 49 5 502.942 0.95 501.183 417110 0.95439
Inspiral_100.txt 102 11 86.7341 0.95 86.6875 261180 0.950735
Inspiral_1000.txt 1002 40 91.9813 0.95 91.9595 3.81563e+006 0.950001
Inspiral_30.txt 32 7 86.8915 0.95 86.8857 81692.8 0.960546
Inspiral_50.txt 52 12 91.8128 0.95 91.8077 146939 0.950683
Montage_100.txt 102 62 4.60235 0.95 4.60161 19841.5 0.98427
Montage_1000.txt 1002 662 23.9788 0.95 23.9784 255927 0.997441
Montage_25.txt 27 9 3.0268 0.95 3.02652 4006.34 0.999338
Montage_50.txt 52 28 3.62878 0.95 3.62855 9581.89 0.99315
Sipht_100.txt 99 23 291.224 0.95 290.977 219158 0.95
Sipht_1000.txt 970 32 345.903 0.95 345.891 2.08264e+006 0.95
Sipht_30.txt 31 17 286.926 0.95 286.881 77700.6 0.95
Sipht_60.txt 60 18 301.946 0.95 301.903 145221 0.95
avianflu_large.txt 2004 2000 140.57 0.95 93.7131 1.38754e+008 0.950053
avianflu_medium.txt 1004 1000 140.57 0.95 93.7131 5.57769e+007 0.950058
avianflu_small.txt 104 100 140.57 0.95 127.182 4.05447e+006 0.950607
cadsr.txt 6 2 1.30157 0.95 1.3007 371.307 0.999705
floodplain.txt 9 2 7614.19 0.95 7247.7 2.39365e+006 0.950698
gene2life.txt 10 2 35.1424 0.95 35.0935 18046.1 0.999928
glimmer.txt 6 1 6.3777 0.95 5.92524 1430.16 0.999648
leadadas.txt 8 3 324.482 0.95 301.295 78010.8 0.965695
leaddm..txt 5 1 14.9681 0.95 14.5746 3960.61 0.999985
leaddm.txt 5 1 14.9681 0.95 14.5746 3960.61 0.999985
leadmm..txt 8 3 324.482 0.95 301.295 74823.2 0.976326
leadmm.txt 8 3 324.482 0.95 301.295 74823.2 0.976326
mcstas.txt 5 1 290276 0.95 193518 2.05616e+008 0.970759
mememast.txt 4 1 7.80942 0.95 7.34389 2142.32 0.999993
molsci.txt 7 2 66.3801 0.95 65.6295 21893.7 0.979
motif_large.txt 505 500 591.564 0.95 394.376 9.75017e+007 0.950194
motif_medium.txt 140 135 591.564 0.95 591.301 1.12186e+007 0.950042
motif_small.txt 15 10 591.564 0.95 591.301 767522 0.995553
psload_large.txt 5086 1000 3.25393 0.95 3.25081 1.39234e+006 0.989362
psload_medium.txt 491 100 3.25393 0.95 3.25081 131734 0.998979
psload_small.txt 6 1 3.25393 0.95 3.25081 831.716 0.999994
psmerge_medium.txt 843 195 960.559 0.95 640.373 3.86339e+008 0.950058
psmerge_small.txt 82 77 960.559 0.95 940.281 1.91623e+007 0.950458
scoop_large..txt 103 100 58.6358 0.95 56.6487 1.96025e+006 0.950006
scoop_large.txt 103 100 58.6358 0.95 56.6487 1.96025e+006 0.950006
scoop_medium.txt 53 50 58.6358 0.95 56.6487 919587 0.95007
scoop_small.txt 8 5 58.6358 0.95 57.3582 62289 0.979805
