44
CyberShake_100.txt 102 48 1e+009 0.95 236.985 2607.29 0.95
CyberShake_50.txt 52 23 1e+009 0.95 274.7 1556.67 0.95
Epigenomics_100.txt 102 24 1e+009 0.95 23292.6 518702 0.952229
Epigenomics_24.txt 26 5 1e+009 0.95 4603.1 26673.6 0.955288
Epigenomics_46.txt 49 5 1e+009 0.95 6111.57 62130.5 0.950031
Inspiral_100.txt 102 11 1e+009 0.95 1131.55 108887 0.950005
Inspiral_1000.txt 1002 40 1e+009 0.95 1178.95 2.03661e+006 0.950228
Inspiral_30.txt 32 7 1e+009 0.95 1133.27 11340.7 0.950023
Inspiral_50.txt 52 12 1e+009 0.95 1199.87 20330.6 0.950028
Montage_100.txt 102 62 1e+009 0.95 53.6106 3362.7 0.950005
Montage_1000.txt 1002 662 1e+009 0.95 148.642 255572 0.968269
Montage_25.txt 27 9 1e+009 0.95 43.9002 1811.66 0.955789
Montage_50.txt 52 28 1e+009 0.95 48.9508 2635.25 0.957382
Sipht_100.txt 99 23 1e+009 0.95 3474.71 49980.2 0.95
Sipht_1000.txt 970 32 1e+009 0.95 4321.62 457810 0.95
Sipht_30.txt 31 17 1e+009 0.95 3418.38 17185.9 0.95
Sipht_60.txt 60 18 1e+009 0.95 3661.85 25340.1 0.95
avianflu_large.txt 2004 2000 1e+009 0.95 93.7131 1.38754e+008 0.950053
avianflu_medium.txt 1004 1000 1e+009 0.95 93.7131 5.57769e+007 0.950058
avianflu_small.txt 104 100 1e+009 0.95 1576.42 235855 0.950185
cadsr.txt 6 2 1e+009 0.95 23.8654 127.378 0.958818
floodplain.txt 9 2 1e+009 0.95 51537.6 1.39515e+006 0.951477
gene2life.txt 10 2 1e+009 0.95 328.715 10436.6 0.960815
glimmer.txt 6 1 1e+009 0.95 99.434 284.589 0.983313
leadadas.txt 8 3 1e+009 0.95 3980.74 21512.5 0.960008
leaddm..txt 5 1 1e+009 0.95 146.407 2471.57 0.976165
leaddm.txt 5 1 1e+009 0.95 146.407 2471.57 0.976165
leadmm..txt 8 3 1e+009 0.95 3980.74 17113 0.955389
leadmm.txt 8 3 1e+009 0.95 3980.74 17113 0.955389
mcstas.txt 5 1 1e+009 0.95 193518 2.05616e+008 0.970759
mememast.txt 4 1 1e+009 0.95 68.6611 1449.74 0.988842
molsci.txt 7 2 1e+009 0.95 538.488 15849.2 0.973966
motif_large.txt 505 500 1e+009 0.95 394.376 9.75017e+007 0.950194
motif_medium.txt 140 135 1e+009 0.95 7807.89 929485 0.950002
motif_small.txt 15 10 1e+009 0.95 7497.43 80690.4 0.960081
psload_large.txt 5086 1000 1e+009 0.95 44.4725 229340 0.950001
psload_medium.txt 491 100 1e+009 0.95 43.0153 23891.8 0.950001
psload_small.txt 6 1 1e+009 0.95 49.2285 271.978 0.966914
psmerge_medium.txt 843 195 1e+009 0.95 640.373 3.86339e+008 0.950058
psmerge_small.txt 82 77 1e+009 0.95 12191.5 1.07237e+006 0.952721
scoop_large..txt 103 100 1e+009 0.95 781.354 110805 0.950088
scoop_large.txt 103 100 1e+009 0.95 781.354 110805 0.950088
scoop_medium.txt 53 50 1e+009 0.95 781.976 56151.2 0.952177
scoop_small.txt 8 5 1e+009 0.95 781.976 5190.46 0.959039
