44
CyberShake_100.txt 102 48 11.8854 0.976756 11.8851 31409.1 0.978873
CyberShake_50.txt 52 23 13.679 0.990219 13.6779 19814.7 0.990219
Epigenomics_100.txt 102 24 1555.29 0.985336 1296.07 1.0857e+007 0.985537
Epigenomics_24.txt 26 5 290.565 0.981393 290.563 327190 0.98144
Epigenomics_46.txt 49 5 402.354 0.974304 401.187 699744 0.974309
Inspiral_100.txt 102 11 69.3872 0.971329 69.3763 363103 0.971329
Inspiral_1000.txt 1002 40 73.5851 0.967562 73.4857 5.30224e+006 0.967562
Inspiral_30.txt 32 7 69.5132 0.968804 68.798 110773 0.974795
Inspiral_50.txt 52 12 73.4502 0.962721 73.3871 192969 0.964452
Montage_100.txt 102 62 3.68188 0.990529 3.68134 22157.6 0.99716
Montage_1000.txt 1002 662 19.1831 0.962393 19.1817 257292 0.997477
Montage_25.txt 27 9 2.42144 0.992643 2.42121 4631.82 0.998935
Montage_50.txt 52 28 2.90302 0.999451 2.90266 10477.2 0.999906
Sipht_100.txt 99 23 232.979 0.97243 232.873 290981 0.97243
Sipht_1000.txt 970 32 276.723 0.989912 276.71 2.69409e+006 0.989912
Sipht_30.txt 31 17 229.541 0.963522 211.738 101521 0.963522
Sipht_60.txt 60 18 241.557 0.971728 241.546 191509 0.971728
avianflu_large.txt 2004 2000 112.456 0.952852 93.7131 1.4033e+008 0.952876
avianflu_medium.txt 1004 1000 112.456 0.961092 93.7131 6.19172e+007 0.961102
avianflu_small.txt 104 100 112.456 0.992642 93.7131 4.41436e+006 0.992686
cadsr.txt 6 2 1.04126 0.99109 1.03871 407.527 0.999997
floodplain.txt 9 2 6091.35 0.974376 6013.22 2.95285e+006 0.974894
gene2life.txt 10 2 28.1139 0.971419 28.1041 22249.3 0.975626
glimmer.txt 6 1 5.10216 0.963978 4.67626 2055.42 0.999567
leadadas.txt 8 3 259.585 0.964953 237.874 111249 0.977098
leaddm..txt 5 1 11.9744 0.98865 11.9492 4682.91 0.990939
leaddm.txt 5 1 11.9744 0.996897 10.5871 5009.76 0.999375
leadmm..txt 8 3 259.585 0.97958 227.948 111497 0.991132
leadmm.txt 8 3 259.585 0.993177 227.948 111572 0.995915
mcstas.txt 5 1 232221 0.962557 193518 2.05616e+008 0.970759
mememast.txt 4 1 6.24754 0.953167 6.1228 2478.27 0.995775
molsci.txt 7 2 53.1041 0.982342 47.0832 28390.9 0.995662
motif_large.txt 505 500 473.251 0.986463 394.376 1.17416e+008 0.98648
motif_medium.txt 140 135 473.251 0.965019 457.538 1.68798e+007 0.965127
motif_small.txt 15 10 473.251 0.994605 452.577 1.32389e+006 0.994797
psload_large.txt 5086 1000 2.60314 0.991538 2.33621 2.36053e+006 0.991538
psload_medium.txt 491 100 2.60314 0.971772 2.33621 208976 0.971772
psload_small.txt 6 1 2.60314 0.956789 2.49671 1032.72 0.999816
psmerge_medium.txt 843 195 768.447 0.992366 640.373 4.09739e+008 0.992819
psmerge_small.txt 82 77 768.447 0.977363 640.373 2.65691e+007 0.977754
scoop_large..txt 103 100 46.9086 0.973801 44.247 2.06201e+006 0.973843
scoop_large.txt 103 100 46.9086 0.983196 44.247 2.06832e+006 0.983279
scoop_medium.txt 53 50 46.9086 0.992323 44.1589 1.03219e+006 0.992349
scoop_small.txt 8 5 46.9086 0.991851 44.3927 97213.5 0.993224
