44
CyberShake_100.txt 102 48 14.8568 0.95 14.8393 35508.5 0.950023
CyberShake_50.txt 52 23 17.0987 0.95 17.0594 20770.8 0.951217
Epigenomics_100.txt 102 24 1944.11 0.95 1801.96 8.31331e+006 0.951638
Epigenomics_24.txt 26 5 363.207 0.95 350.16 296405 0.952763
Epigenomics_46.txt 49 5 502.942 0.95 486.022 862861 0.950818
Inspiral_100.txt 102 11 86.7341 0.95 86.71 344261 0.951614
Inspiral_1000.txt 1002 40 91.9813 0.95 91.6373 5.19519e+006 0.950346
Inspiral_30.txt 32 7 86.8915 0.95 86.7129 103337 0.950025
Inspiral_50.txt 52 12 91.8128 0.95 91.7953 174479 0.950051
Montage_100.txt 102 62 4.60235 0.95 4.59626 21702.2 0.999823
Montage_1000.txt 1002 662 23.9788 0.95 23.9634 104762 0.957932
Montage_25.txt 27 9 3.0268 0.95 2.7078 5199.87 0.99871
Montage_50.txt 52 28 3.62878 0.95 3.6209 11471.9 0.99986
Sipht_100.txt 99 23 291.224 0.95 276.155 351818 0.951754
Sipht_1000.txt 970 32 345.903 0.95 344.419 3.99591e+006 0.95011
Sipht_30.txt 31 17 286.926 0.95 263.589 103631 0.950041
Sipht_60.txt 60 18 301.946 0.95 296.847 243152 0.952619
avianflu_large.txt 2004 2000 140.57 0.95 93.7131 1.38754e+008 0.950053
avianflu_medium.txt 1004 1000 140.57 0.95 93.7131 5.57769e+007 0.950058
avianflu_small.txt 104 100 140.57 0.95 127.182 4.0988e+006 0.950607
cadsr.txt 6 2 1.30157 0.95 1.26967 378.182 0.999973
floodplain.txt 9 2 7614.19 0.95 7544.75 2.94962e+006 0.959993
gene2life.txt 10 2 35.1424 0.95 35.0594 20442.2 0.999345
glimmer.txt 6 1 6.3777 0.95 5.92524 1791.34 0.999648
leadadas.txt 8 3 324.482 0.95 324.481 113757 0.961581
leaddm..txt 5 1 14.9681 0.95 14.5272 3980.58 0.999488
leaddm.txt 5 1 14.9681 0.95 14.5272 3980.58 0.999488
leadmm..txt 8 3 324.482 0.95 308.305 91003.4 0.977937
leadmm.txt 8 3 324.482 0.95 308.305 91003.4 0.977937
mcstas.txt 5 1 290276 0.95 193518 2.05616e+008 0.970759
mememast.txt 4 1 7.80942 0.95 7.43755 2142.59 0.999531
molsci.txt 7 2 66.3801 0.95 65.4752 22739 0.957754
motif_large.txt 505 500 591.564 0.95 394.376 9.75017e+007 0.950194
motif_medium.txt 140 135 591.564 0.95 572.511 1.68436e+007 0.968539
motif_small.txt 15 10 591.564 0.95 591.301 767629 0.995553
psload_large.txt 5086 1000 3.25393 0.95 3.25081 1.63174e+006 0.956285
psload_medium.txt 491 100 3.25393 0.95 3.25081 156523 0.995618
psload_small.txt 6 1 3.25393 0.95 3.22117 1036.08 0.999883
psmerge_medium.txt 843 195 960.559 0.95 640.373 3.86339e+008 0.950058
psmerge_small.txt 82 77 960.559 0.95 940.281 1.91806e+007 0.950458
scoop_large..txt 103 100 58.6358 0.95 56.6487 2.00917e+006 0.950006
scoop_large.txt 103 100 58.6358 0.95 56.6487 2.00917e+006 0.950006
scoop_medium.txt 53 50 58.6358 0.95 56.6487 970645 0.95007
scoop_small.txt 8 5 58.6358 0.95 57.3582 80348.1 0.979805
