44
CyberShake_100.txt 102 48 14.8568 0.99 14.8534 34306.7 0.99067
CyberShake_50.txt 52 23 17.0987 0.99 13.3997 22218.7 0.990002
Epigenomics_100.txt 102 24 1944.11 0.99 1296.07 1.35694e+007 0.990578
Epigenomics_24.txt 26 5 363.207 0.99 361.075 257163 0.990972
Epigenomics_46.txt 49 5 502.942 0.99 498.464 864136 0.991557
Inspiral_100.txt 102 11 86.7341 0.99 86.6594 423020 0.99091
Inspiral_1000.txt 1002 40 91.9813 0.99 87.6988 5.25773e+006 0.990001
Inspiral_30.txt 32 7 86.8915 0.99 86.5414 108775 0.990492
Inspiral_50.txt 52 12 91.8128 0.99 78.1927 227842 0.990032
Montage_100.txt 102 62 4.60235 0.99 4.60186 21697.3 0.999815
Montage_1000.txt 1002 662 23.9788 0.99 23.9784 217356 0.992128
Montage_25.txt 27 9 3.0268 0.99 3.02595 4466.89 0.998803
Montage_50.txt 52 28 3.62878 0.99 3.62803 9601.12 0.993896
Sipht_100.txt 99 23 291.224 0.99 285.395 370721 0.99111
Sipht_1000.txt 970 32 345.903 0.99 339.928 3.92279e+006 0.990069
Sipht_30.txt 31 17 286.926 0.99 191.284 113664 0.992223
Sipht_60.txt 60 18 301.946 0.99 295.918 239803 0.99394
avianflu_large.txt 2004 2000 140.57 0.99 93.7131 1.60659e+008 0.990042
avianflu_medium.txt 1004 1000 140.57 0.99 93.7131 7.76828e+007 0.990048
avianflu_small.txt 104 100 140.57 0.99 98.2926 4.15266e+006 0.990098
cadsr.txt 6 2 1.30157 0.99 1.28566 349.019 0.999958
floodplain.txt 9 2 7614.19 0.99 7391.88 3.1653e+006 0.992395
gene2life.txt 10 2 35.1424 0.99 35.0594 20442.2 0.999345
glimmer.txt 6 1 6.3777 0.99 6.08812 1742.05 0.999647
leadadas.txt 8 3 324.482 0.99 299.073 114432 0.990175
leaddm..txt 5 1 14.9681 0.99 14.5746 3960.61 0.999985
leaddm.txt 5 1 14.9681 0.99 14.5746 3960.61 0.999985
leadmm..txt 8 3 324.482 0.99 323.266 110020 0.995333
leadmm.txt 8 3 324.482 0.99 323.266 110020 0.995333
mcstas.txt 5 1 290276 0.99 193518 2.05616e+008 0.970759
mememast.txt 4 1 7.80942 0.99 7.34389 2142.32 0.999993
molsci.txt 7 2 66.3801 0.99 65.7256 23093.9 0.994041
motif_large.txt 505 500 591.564 0.99 394.376 1.19408e+008 0.990183
motif_medium.txt 140 135 591.564 0.99 394.376 2.85481e+007 0.990203
motif_small.txt 15 10 591.564 0.99 591.301 767629 0.995553
psload_large.txt 5086 1000 3.25393 0.99 3.25081 2.2724e+006 0.990008
psload_medium.txt 491 100 3.25393 0.99 3.25081 149193 0.996009
psload_small.txt 6 1 3.25393 0.99 3.22286 878.283 0.999814
psmerge_medium.txt 843 195 960.559 0.99 640.373 4.08245e+008 0.990033
psmerge_small.txt 82 77 960.559 0.99 640.373 3.32902e+007 0.990196
scoop_large..txt 103 100 58.6358 0.99 56.5625 2.06415e+006 0.990006
scoop_large.txt 103 100 58.6358 0.99 56.5625 2.06415e+006 0.990006
scoop_medium.txt 53 50 58.6358 0.99 56.6487 1.02562e+006 0.990064
scoop_small.txt 8 5 58.6358 0.99 56.8826 91016.6 0.991102
