44
CyberShake_100.txt 102 48 1e+009 0.95 156.628 44676.9 0.952959
CyberShake_50.txt 52 23 1e+009 0.95 78.2488 14457 0.952959
Epigenomics_100.txt 102 24 1e+009 0.95 15776.9 8.86559e+006 0.950792
Epigenomics_24.txt 26 5 1e+009 0.95 4252.7 26673.2 0.954074
Epigenomics_46.txt 49 5 1e+009 0.95 5283.72 653764 0.995261
Inspiral_100.txt 102 11 1e+009 0.95 583.97 314391 0.950546
Inspiral_1000.txt 1002 40 1e+009 0.95 629.313 5.22443e+006 0.969475
Inspiral_30.txt 32 7 1e+009 0.95 534.829 62738.9 0.959191
Inspiral_50.txt 52 12 1e+009 0.95 630.58 225186 0.950386
Montage_100.txt 102 62 1e+009 0.95 58.6486 12710.1 0.95184
Montage_1000.txt 1002 662 1e+009 0.95 43.5238 253352 0.951832
Montage_25.txt 27 9 1e+009 0.95 27.403 3912.04 0.950624
Montage_50.txt 52 28 1e+009 0.95 26.8805 4768.38 0.951334
Sipht_100.txt 99 23 1e+009 0.95 1165.99 336350 0.952243
Sipht_1000.txt 970 32 1e+009 0.95 1473.99 3.9552e+006 0.95183
Sipht_30.txt 31 17 1e+009 0.95 1401.52 93545.9 0.95205
Sipht_60.txt 60 18 1e+009 0.95 1279.15 237665 0.951399
avianflu_large.txt 2004 2000 1e+009 0.95 93.7131 1.38754e+008 0.950053
avianflu_medium.txt 1004 1000 1e+009 0.95 93.7131 5.57769e+007 0.950058
avianflu_small.txt 104 100 1e+009 0.95 1576.42 235855 0.950185
cadsr.txt 6 2 1e+009 0.95 8.5336 349.78 0.986079
floodplain.txt 9 2 1e+009 0.95 51537.6 1.48572e+006 0.961161
gene2life.txt 10 2 1e+009 0.95 328.715 16347.3 0.957918
glimmer.txt 6 1 1e+009 0.95 108.633 151.148 0.966911
leadadas.txt 8 3 1e+009 0.95 3900.61 6903.02 0.950613
leaddm..txt 5 1 1e+009 0.95 146.407 2471.57 0.976165
leaddm.txt 5 1 1e+009 0.95 146.407 2471.57 0.976165
leadmm..txt 8 3 1e+009 0.95 3959.08 6971.85 0.955239
leadmm.txt 8 3 1e+009 0.95 3959.08 6971.85 0.955239
mcstas.txt 5 1 1e+009 0.95 193518 2.05616e+008 0.970759
mememast.txt 4 1 1e+009 0.95 132.116 133.595 0.977813
molsci.txt 7 2 1e+009 0.95 812.047 4147.04 0.966625
motif_large.txt 505 500 1e+009 0.95 394.376 9.75017e+007 0.950194
motif_medium.txt 140 135 1e+009 0.95 7807.89 929485 0.950002
motif_small.txt 15 10 1e+009 0.95 4891.91 1.09959e+006 0.991693
psload_large.txt 5086 1000 1e+009 0.95 33.8967 2.34615e+006 0.950192
psload_medium.txt 491 100 1e+009 0.95 38.456 188138 0.950036
psload_small.txt 6 1 1e+009 0.95 25.167 818.851 0.958817
psmerge_medium.txt 843 195 1e+009 0.95 640.373 3.86339e+008 0.950058
psmerge_small.txt 82 77 1e+009 0.95 12502 1.07329e+006 0.954109
scoop_large..txt 103 100 1e+009 0.95 781.5 1.40786e+006 0.950224
scoop_large.txt 103 100 1e+009 0.95 781.5 1.40786e+006 0.950224
scoop_medium.txt 53 50 1e+009 0.95 781.976 607010 0.95293
scoop_small.txt 8 5 1e+009 0.95 781.976 5190.46 0.959039
