44
CyberShake_100.txt 102 48 11.8854 0.99 11.7824 43115.7 0.992367
CyberShake_50.txt 52 23 13.679 0.99 13.6783 25639 0.990023
Epigenomics_100.txt 102 24 1555.29 0.99 1296.07 1.35694e+007 0.990578
Epigenomics_24.txt 26 5 290.565 0.99 286.934 379773 0.991265
Epigenomics_46.txt 49 5 402.354 0.99 400.196 848235 0.99043
Inspiral_100.txt 102 11 69.3872 0.99 69.2043 437404 0.99033
Inspiral_1000.txt 1002 40 73.5851 0.99 73.5618 5.24235e+006 0.99
Inspiral_30.txt 32 7 69.5132 0.99 69.509 114362 0.990045
Inspiral_50.txt 52 12 73.4502 0.99 73.399 220227 0.99022
Montage_100.txt 102 62 3.68188 0.99 3.67793 16873.8 0.99934
Montage_1000.txt 1002 662 19.1831 0.99 19.073 244797 0.990135
Montage_25.txt 27 9 2.42144 0.99 2.41967 5140.36 0.999919
Montage_50.txt 52 28 2.90302 0.99 2.90251 8584.53 0.994909
Sipht_100.txt 99 23 232.979 0.99 229.786 367662 0.993328
Sipht_1000.txt 970 32 276.723 0.99 274.469 3.9323e+006 0.990235
Sipht_30.txt 31 17 229.541 0.99 218.551 120004 0.994112
Sipht_60.txt 60 18 241.557 0.99 201.298 248965 0.99588
avianflu_large.txt 2004 2000 112.456 0.99 93.7131 1.60659e+008 0.990042
avianflu_medium.txt 1004 1000 112.456 0.99 93.7131 7.76828e+007 0.990048
avianflu_small.txt 104 100 112.456 0.99 98.2926 4.15266e+006 0.990098
cadsr.txt 6 2 1.04126 0.99 1.03058 411.689 0.999999
floodplain.txt 9 2 6091.35 0.99 5948.85 2.98745e+006 0.990108
gene2life.txt 10 2 28.1139 0.99 28.0688 22295.9 0.996077
glimmer.txt 6 1 5.10216 0.99 5.07552 2236.91 0.999987
leadadas.txt 8 3 259.585 0.99 258.225 110472 0.993417
leaddm..txt 5 1 11.9744 0.99 11.9492 4682.91 0.990939
leaddm.txt 5 1 11.9744 0.99 11.9492 4682.91 0.990939
leadmm..txt 8 3 259.585 0.99 258.857 110626 0.991768
leadmm.txt 8 3 259.585 0.99 258.857 110626 0.991768
mcstas.txt 5 1 232221 0.99 193518 2.05616e+008 0.970759
mememast.txt 4 1 6.24754 0.99 6.1228 2478.27 0.995775
molsci.txt 7 2 53.1041 0.99 52.6613 24392.7 0.99592
motif_large.txt 505 500 473.251 0.99 394.376 1.19408e+008 0.990183
motif_medium.txt 140 135 473.251 0.99 394.376 2.85481e+007 0.990203
motif_small.txt 15 10 473.251 0.99 458.247 1.32391e+006 0.990195
psload_large.txt 5086 1000 2.60314 0.99 2.59966 2.33477e+006 0.990046
psload_medium.txt 491 100 2.60314 0.99 2.59482 214851 0.990002
psload_small.txt 6 1 2.60314 0.99 2.59643 1055.98 0.999983
psmerge_medium.txt 843 195 768.447 0.99 640.373 4.08245e+008 0.990033
psmerge_small.txt 82 77 768.447 0.99 640.373 3.32902e+007 0.990196
scoop_large..txt 103 100 46.9086 0.99 44.3927 2.06903e+006 0.990073
scoop_large.txt 103 100 46.9086 0.99 44.3927 2.06903e+006 0.990073
scoop_medium.txt 53 50 46.9086 0.99 44.8683 1.03331e+006 0.990106
scoop_small.txt 8 5 46.9086 0.99 44.3927 97416.8 0.990025
