44
CyberShake_100.txt 102 48 17.8281 0.99 16.8166 46184.6 0.992526
CyberShake_50.txt 52 23 20.5185 0.99 19.2312 24565.4 0.992724
Epigenomics_100.txt 102 24 2332.93 0.99 1296.07 1.35694e+007 0.990578
Epigenomics_24.txt 26 5 435.848 0.99 434.203 200273 0.992263
Epigenomics_46.txt 49 5 603.531 0.99 587.505 754115 0.990409
Inspiral_100.txt 102 11 104.081 0.99 101.622 438429 0.991299
Inspiral_1000.txt 1002 40 110.378 0.99 104.257 5.32342e+006 0.990001
Inspiral_30.txt 32 7 104.27 0.99 103.989 93521.6 0.99079
Inspiral_50.txt 52 12 110.175 0.99 109.093 221439 0.993575
Montage_100.txt 102 62 5.52282 0.99 5.52123 21404.1 0.99757
Montage_1000.txt 1002 662 28.7746 0.99 28.7075 237885 0.990084
Montage_25.txt 27 9 3.63216 0.99 3.63024 3702.7 0.998565
Montage_50.txt 52 28 4.35453 0.99 4.35426 10103 0.999692
Sipht_100.txt 99 23 349.469 0.99 194.15 396225 0.992193
Sipht_1000.txt 970 32 415.084 0.99 271.519 3.96211e+006 0.990025
Sipht_30.txt 31 17 344.311 0.99 303.864 92302 0.993583
Sipht_60.txt 60 18 362.336 0.99 201.298 266493 0.995868
avianflu_large.txt 2004 2000 168.684 0.99 93.7131 1.60659e+008 0.990042
avianflu_medium.txt 1004 1000 168.684 0.99 93.7131 7.76828e+007 0.990048
avianflu_small.txt 104 100 168.684 0.99 157.841 3.52109e+006 0.990044
cadsr.txt 6 2 1.56188 0.99 1.54174 363.259 0.999975
floodplain.txt 9 2 9137.02 0.99 7751.01 3.6741e+006 0.996009
gene2life.txt 10 2 42.1709 0.99 42.0474 19105.4 0.995491
glimmer.txt 6 1 7.65323 0.99 7.45821 1323.45 0.999993
leadadas.txt 8 3 389.378 0.99 379.136 75370.8 0.998594
leaddm..txt 5 1 17.9617 0.99 17.6201 4353.34 0.998907
leaddm.txt 5 1 17.9617 0.99 17.6201 4353.34 0.998907
leadmm..txt 8 3 389.378 0.99 376.425 68022.8 0.995653
leadmm.txt 8 3 389.378 0.99 376.425 68022.8 0.995653
mcstas.txt 5 1 348332 0.99 193518 2.05616e+008 0.970759
mememast.txt 4 1 9.37131 0.99 9.18752 1956.08 0.999397
molsci.txt 7 2 79.6561 0.99 77.6861 21505.5 0.99796
motif_large.txt 505 500 709.877 0.99 394.376 1.19408e+008 0.990183
motif_medium.txt 140 135 709.877 0.99 394.376 2.85481e+007 0.990203
motif_small.txt 15 10 709.877 0.99 702.465 661424 0.992696
psload_large.txt 5086 1000 3.90471 0.99 3.90125 1.47415e+006 0.99
psload_medium.txt 491 100 3.90471 0.99 3.90115 138259 0.995773
psload_small.txt 6 1 3.90471 0.99 3.90377 826.933 0.999785
psmerge_medium.txt 843 195 1152.67 0.99 640.373 4.08245e+008 0.990033
psmerge_small.txt 82 77 1152.67 0.99 640.373 3.32902e+007 0.990196
scoop_large..txt 103 100 70.3629 0.99 69.4647 1.18715e+006 0.990843
scoop_large.txt 103 100 70.3629 0.99 69.4647 1.18715e+006 0.990843
scoop_medium.txt 53 50 70.3629 0.99 69.9403 593575 0.992717
scoop_small.txt 8 5 70.3629 0.99 69.9403 59358.3 0.996751
