44
CyberShake_100.txt 102 48 11.8854 0.976756 11.8851 36772.4 0.976818
CyberShake_50.txt 52 23 13.679 0.990219 13.6742 23003.8 0.99022
Epigenomics_100.txt 102 24 1555.29 0.985336 1296.07 1.0857e+007 0.985537
Epigenomics_24.txt 26 5 290.565 0.981393 263.859 402483 0.981416
Epigenomics_46.txt 49 5 402.354 0.974304 382.337 877567 0.974315
Inspiral_100.txt 102 11 69.3872 0.971329 69.3798 380621 0.971373
Inspiral_1000.txt 1002 40 73.5851 0.967562 72.9906 5.15652e+006 0.967625
Inspiral_30.txt 32 7 69.5132 0.968804 69.509 117568 0.971019
Inspiral_50.txt 52 12 73.4502 0.962721 73.4203 212851 0.963074
Montage_100.txt 102 62 3.68188 0.990529 3.68029 16453.2 0.999034
Montage_1000.txt 1002 662 19.1831 0.962393 19.1142 199385 0.962526
Montage_25.txt 27 9 2.42144 0.992643 2.41866 4352.84 0.999819
Montage_50.txt 52 28 2.90302 0.999451 2.90251 8462.79 0.999475
Sipht_100.txt 99 23 232.979 0.97243 229.786 383809 0.975453
Sipht_1000.txt 970 32 276.723 0.989912 253.917 3.91783e+006 0.990068
Sipht_30.txt 31 17 229.541 0.963522 220.158 103757 0.963526
Sipht_60.txt 60 18 241.557 0.971728 238.121 205908 0.974646
avianflu_large.txt 2004 2000 112.456 0.952852 93.7131 1.4033e+008 0.952876
avianflu_medium.txt 1004 1000 112.456 0.961092 93.7131 6.19172e+007 0.961102
avianflu_small.txt 104 100 112.456 0.992642 93.7131 4.41436e+006 0.992686
cadsr.txt 6 2 1.04126 0.99109 1.00785 412.412 0.999932
floodplain.txt 9 2 6091.35 0.974376 5877.73 3.13929e+006 0.983502
gene2life.txt 10 2 28.1139 0.971419 27.8641 23760.8 0.999783
glimmer.txt 6 1 5.10216 0.963978 4.69984 2044.12 0.999543
leadadas.txt 8 3 259.585 0.964953 250.617 104242 0.975811
leaddm..txt 5 1 11.9744 0.98865 10.8984 4860.61 0.999061
leaddm.txt 5 1 11.9744 0.996897 10.8984 4860.61 0.999061
leadmm..txt 8 3 259.585 0.97958 239.113 111845 0.985235
leadmm.txt 8 3 259.585 0.993177 227.486 116969 0.993856
mcstas.txt 5 1 232221 0.962557 193518 2.05616e+008 0.970759
mememast.txt 4 1 6.24754 0.953167 5.77223 2494.7 0.999423
molsci.txt 7 2 53.1041 0.982342 47.0832 28390.9 0.995662
motif_large.txt 505 500 473.251 0.986463 394.376 1.17416e+008 0.98648
motif_medium.txt 140 135 473.251 0.965019 457.538 1.68798e+007 0.965127
motif_small.txt 15 10 473.251 0.994605 452.577 1.32389e+006 0.994797
psload_large.txt 5086 1000 2.60314 0.991538 2.59482 2.29535e+006 0.991538
psload_medium.txt 491 100 2.60314 0.971772 2.59643 201929 0.971825
psload_small.txt 6 1 2.60314 0.956789 2.53607 1010.09 0.999807
psmerge_medium.txt 843 195 768.447 0.992366 640.373 4.09739e+008 0.992819
psmerge_small.txt 82 77 768.447 0.977363 640.373 2.65691e+007 0.977754
scoop_large..txt 103 100 46.9086 0.973801 44.247 2.06201e+006 0.973843
scoop_large.txt 103 100 46.9086 0.983196 44.247 2.06832e+006 0.983279
scoop_medium.txt 53 50 46.9086 0.992323 44.1589 1.03219e+006 0.992349
scoop_small.txt 8 5 46.9086 0.991851 44.3927 97213.5 0.993224
