44
CyberShake_100.txt 102 48 24.7613 0.977733 24.68 31467 0.977821
CyberShake_50.txt 52 23 28.4979 0.973663 27.7668 22264.9 0.973667
Epigenomics_100.txt 102 24 3240.18 0.978925 2761.22 8.91298e+006 0.982391
Epigenomics_24.txt 26 5 605.344 0.950037 439.071 381026 0.959064
Epigenomics_46.txt 49 5 838.237 0.990792 836.669 747766 0.991551
Inspiral_100.txt 102 11 144.557 0.955529 144.404 336896 0.95613
Inspiral_1000.txt 1002 40 153.302 0.951542 151.602 5.10265e+006 0.951642
Inspiral_30.txt 32 7 144.819 0.994182 123.504 87589.2 0.997474
Inspiral_50.txt 52 12 153.021 0.951679 152.811 164710 0.951827
Montage_100.txt 102 62 7.67059 0.955651 6.48693 21549.8 0.996368
Montage_1000.txt 1002 662 39.9647 0.964074 39.9631 236297 0.965978
Montage_25.txt 27 9 5.04467 0.98424 4.87968 4213.35 0.998139
Montage_50.txt 52 28 6.04796 0.963132 6.04256 5972.71 0.996076
Sipht_100.txt 99 23 485.374 0.958028 420.082 363119 0.961169
Sipht_1000.txt 970 32 576.505 0.980248 449.288 3.94961e+006 0.991298
Sipht_30.txt 31 17 478.21 0.984751 401.197 98562.6 0.986688
Sipht_60.txt 60 18 503.244 0.966059 204.292 237101 0.966184
avianflu_large.txt 2004 2000 234.283 0.969057 93.7131 1.49292e+008 0.969084
avianflu_medium.txt 1004 1000 234.283 0.980709 93.7131 7.26627e+007 0.980738
avianflu_small.txt 104 100 234.283 0.974972 229.929 1.79353e+006 0.975054
cadsr.txt 6 2 2.16928 0.97096 2.15975 240.669 0.999919
floodplain.txt 9 2 12690.3 0.981092 8805.91 2.78251e+006 0.98138
gene2life.txt 10 2 58.5707 0.951926 58.4948 17174.7 0.993017
glimmer.txt 6 1 10.6295 0.98137 10.2732 986.048 0.999401
leadadas.txt 8 3 540.803 0.951984 536.158 102746 0.953512
leaddm..txt 5 1 24.9468 0.992777 24.4076 2537.77 0.997836
leaddm.txt 5 1 24.9468 0.969904 24.4076 2537.77 0.997836
leadmm..txt 8 3 540.803 0.974335 442.454 61052.4 0.993586
leadmm.txt 8 3 540.803 0.989148 442.454 61052.4 0.993586
mcstas.txt 5 1 483794 0.959802 193518 2.05616e+008 0.970759
mememast.txt 4 1 13.0157 0.96161 13.0116 1728.82 0.999987
molsci.txt 7 2 110.633 0.960649 97.6104 19691.9 0.971305
motif_large.txt 505 500 985.94 0.955088 394.376 1.0024e+008 0.955103
motif_medium.txt 140 135 985.94 0.969592 394.376 1.74707e+007 0.969775
motif_small.txt 15 10 985.94 0.995642 839.714 661077 0.995992
psload_large.txt 5086 1000 5.42321 0.972588 5.42273 2.33247e+006 0.972614
psload_medium.txt 491 100 5.42321 0.960223 5.42273 175580 0.960249
psload_small.txt 6 1 5.42321 0.970641 5.18345 871.132 0.999797
psmerge_medium.txt 843 195 1600.93 0.980186 640.373 4.03018e+008 0.980343
psmerge_small.txt 82 77 1600.93 0.958653 1501.92 1.87338e+007 0.959312
scoop_large..txt 103 100 97.7263 0.984008 95.916 1.69366e+006 0.984221
scoop_large.txt 103 100 97.7263 0.995948 95.6821 1.99289e+006 0.995981
scoop_medium.txt 53 50 97.7263 0.991699 95.6821 621187 0.991732
scoop_small.txt 8 5 97.7263 0.987291 95.916 46657 0.98896
