44
CyberShake_100.txt 102 48 24.7613 0.99 24.68 40508.2 0.990118
CyberShake_50.txt 52 23 28.4979 0.99 23.6342 26293.1 0.993936
Epigenomics_100.txt 102 24 3240.18 0.99 1296.07 1.35694e+007 0.990578
Epigenomics_24.txt 26 5 605.344 0.99 597.057 164768 0.990293
Epigenomics_46.txt 49 5 838.237 0.99 362.336 856689 0.990021
Inspiral_100.txt 102 11 144.557 0.99 143.578 390477 0.990067
Inspiral_1000.txt 1002 40 153.302 0.99 109.18 5.36156e+006 0.990262
Inspiral_30.txt 32 7 144.819 0.99 139.413 120642 0.990782
Inspiral_50.txt 52 12 153.021 0.99 152.174 149687 0.990003
Montage_100.txt 102 62 7.67059 0.99 7.5772 10621.3 0.991912
Montage_1000.txt 1002 662 39.9647 0.99 38.6065 244211 0.990885
Montage_25.txt 27 9 5.04467 0.99 5.02298 4191.58 0.999776
Montage_50.txt 52 28 6.04796 0.99 6.04602 9927.51 0.99884
Sipht_100.txt 99 23 485.374 0.99 334.59 377429 0.99224
Sipht_1000.txt 970 32 576.505 0.99 376.04 3.95324e+006 0.99
Sipht_30.txt 31 17 478.21 0.99 402.992 86303.1 0.990526
Sipht_60.txt 60 18 503.244 0.99 361.36 242931 0.993142
avianflu_large.txt 2004 2000 234.283 0.99 93.7131 1.60659e+008 0.990042
avianflu_medium.txt 1004 1000 234.283 0.99 93.7131 7.76828e+007 0.990048
avianflu_small.txt 104 100 234.283 0.99 229.929 1.84664e+006 0.990078
cadsr.txt 6 2 2.16928 0.99 2.15975 240.669 0.999919
floodplain.txt 9 2 12690.3 0.99 8548.25 2.97747e+006 0.992706
gene2life.txt 10 2 58.5707 0.99 56.7063 18805.7 0.997794
glimmer.txt 6 1 10.6295 0.99 10.2732 986.048 0.999401
leadadas.txt 8 3 540.803 0.99 459.179 57785.8 0.996372
leaddm..txt 5 1 24.9468 0.99 24.4076 2537.77 0.997836
leaddm.txt 5 1 24.9468 0.99 24.4076 2537.77 0.997836
leadmm..txt 8 3 540.803 0.99 442.454 61052.4 0.993586
leadmm.txt 8 3 540.803 0.99 442.454 61052.4 0.993586
mcstas.txt 5 1 483794 0.99 193518 2.05616e+008 0.970759
mememast.txt 4 1 13.0157 0.99 12.9054 1159.21 0.999044
molsci.txt 7 2 110.633 0.99 97.6104 20452 0.990644
motif_large.txt 505 500 985.94 0.99 394.376 1.19408e+008 0.990183
motif_medium.txt 140 135 985.94 0.99 394.376 2.85481e+007 0.990203
motif_small.txt 15 10 985.94 0.99 980.703 821291 0.991177
psload_large.txt 5086 1000 5.42321 0.99 5.2002 2.36574e+006 0.99
psload_medium.txt 491 100 5.42321 0.99 5.42273 207675 0.990026
psload_small.txt 6 1 5.42321 0.99 5.39096 523.156 0.999874
psmerge_medium.txt 843 195 1600.93 0.99 640.373 4.08245e+008 0.990033
psmerge_small.txt 82 77 1600.93 0.99 640.373 3.32902e+007 0.990196
scoop_large..txt 103 100 97.7263 0.99 95.916 1.89521e+006 0.990206
scoop_large.txt 103 100 97.7263 0.99 95.916 1.89521e+006 0.990206
scoop_medium.txt 53 50 97.7263 0.99 95.916 483661 0.990432
scoop_small.txt 8 5 97.7263 0.99 96.3916 47556.8 0.991566
