44
CyberShake_100.txt 102 48 10.895 0.99 10.8945 40728.5 0.992483
CyberShake_50.txt 52 23 12.5391 0.99 12.5321 25097.9 0.992878
Epigenomics_100.txt 102 24 1425.68 0.99 1296.07 1.35694e+007 0.990578
Epigenomics_24.txt 26 5 266.351 0.99 263.691 377525 0.990006
Epigenomics_46.txt 49 5 368.824 0.99 368.365 764549 0.990058
Inspiral_100.txt 102 11 63.605 0.99 63.3138 464427 0.990505
Inspiral_1000.txt 1002 40 67.453 0.99 66.8734 5.24777e+006 0.9901
Inspiral_30.txt 32 7 63.7205 0.99 63.689 125185 0.990057
Inspiral_50.txt 52 12 67.3294 0.99 67.2896 238233 0.990033
Montage_100.txt 102 62 3.37506 0.99 3.37448 21203.4 0.997576
Montage_1000.txt 1002 662 17.5845 0.99 17.5699 254356 0.990878
Montage_25.txt 27 9 2.21965 0.99 2.21927 4865.86 0.9967
Montage_50.txt 52 28 2.6611 0.99 2.66072 11475.6 0.999763
Sipht_100.txt 99 23 213.565 0.99 194.15 399943 0.993124
Sipht_1000.txt 970 32 253.662 0.99 230.602 3.98894e+006 0.990013
Sipht_30.txt 31 17 210.413 0.99 204.136 111686 0.991899
Sipht_60.txt 60 18 221.427 0.99 201.298 267011 0.992634
avianflu_large.txt 2004 2000 103.084 0.99 93.7131 1.60659e+008 0.990042
avianflu_medium.txt 1004 1000 103.084 0.99 93.7131 7.76828e+007 0.990048
avianflu_small.txt 104 100 103.084 0.99 98.2926 4.15266e+006 0.990098
cadsr.txt 6 2 0.954485 0.99 0.94409 437.013 0.999647
floodplain.txt 9 2 5583.74 0.99 5564.08 3.13458e+006 0.990386
gene2life.txt 10 2 25.7711 0.99 25.5425 23089.8 0.996581
glimmer.txt 6 1 4.67698 0.99 4.59904 2165.14 0.999946
leadadas.txt 8 3 237.953 0.99 237.502 117456 0.994662
leaddm..txt 5 1 10.9766 0.99 10.5871 5009.76 0.999375
leaddm.txt 5 1 10.9766 0.99 10.5871 5009.76 0.999375
leadmm..txt 8 3 237.953 0.99 237.633 111743 0.993584
leadmm.txt 8 3 237.953 0.99 237.633 111743 0.993584
mcstas.txt 5 1 212869 0.99 193518 2.05616e+008 0.970759
mememast.txt 4 1 5.72691 0.99 5.48926 2630.3 0.999709
molsci.txt 7 2 48.6787 0.99 48.498 26832.6 0.994508
motif_large.txt 505 500 433.813 0.99 394.376 1.19408e+008 0.990183
motif_medium.txt 140 135 433.813 0.99 394.376 2.85481e+007 0.990203
motif_small.txt 15 10 433.813 0.99 420.171 1.31515e+006 0.990362
psload_large.txt 5086 1000 2.38621 0.99 2.34742 2.35741e+006 0.99
psload_medium.txt 491 100 2.38621 0.99 2.371 215750 0.99
psload_small.txt 6 1 2.38621 0.99 2.35522 1100.51 0.999959
psmerge_medium.txt 843 195 704.41 0.99 640.373 4.08245e+008 0.990033
psmerge_small.txt 82 77 704.41 0.99 640.373 3.32902e+007 0.990196
scoop_large..txt 103 100 42.9996 0.99 42.4378 2.06211e+006 0.99011
scoop_large.txt 103 100 42.9996 0.99 42.4378 2.06211e+006 0.99011
scoop_medium.txt 53 50 42.9996 0.99 42.9134 1.02639e+006 0.990143
scoop_small.txt 8 5 42.9996 0.99 42.9134 98128.4 0.994359
