44
CyberShake_100.txt 102 48 13.8663 0.987881 13.8588 34818.7 0.987882
CyberShake_50.txt 52 23 15.9588 0.980469 15.9533 24161.7 0.980493
Epigenomics_100.txt 102 24 1814.5 0.985067 1296.07 1.0857e+007 0.985537
Epigenomics_24.txt 26 5 338.993 0.953898 337.661 289360 0.953923
Epigenomics_46.txt 49 5 469.413 0.977329 441.179 818495 0.99037
Inspiral_100.txt 102 11 80.9518 0.958835 80.9127 359574 0.959603
Inspiral_1000.txt 1002 40 85.8492 0.966073 85.1865 5.16593e+006 0.966637
Inspiral_30.txt 32 7 81.0988 0.977154 81.0565 112810 0.97724
Inspiral_50.txt 52 12 85.6919 0.96939 84.5091 192797 0.969398
Montage_100.txt 102 62 4.29553 0.962201 4.29223 13833.1 0.962277
Montage_1000.txt 1002 662 22.3802 0.95582 22.3609 197938 0.95595
Montage_25.txt 27 9 2.82502 0.977441 2.82475 4319.07 0.998305
Montage_50.txt 52 28 3.38686 0.999795 3.38592 8159.7 0.999797
Sipht_100.txt 99 23 271.809 0.961594 194.15 397681 0.964027
Sipht_1000.txt 970 32 322.843 0.971819 271.519 3.9647e+006 0.97465
Sipht_30.txt 31 17 267.798 0.966659 256.983 103856 0.967674
Sipht_60.txt 60 18 281.817 0.998095 201.298 266878 0.998303
avianflu_large.txt 2004 2000 131.198 0.972164 93.7131 1.50993e+008 0.972192
avianflu_medium.txt 1004 1000 131.198 0.953946 93.7131 5.79758e+007 0.953998
avianflu_small.txt 104 100 131.198 0.973475 127.182 4.12799e+006 0.973622
cadsr.txt 6 2 1.2148 0.974207 1.2122 387.282 0.999946
floodplain.txt 9 2 7106.57 0.969509 6302.07 3.10658e+006 0.976337
gene2life.txt 10 2 32.7996 0.987958 32.7176 23277.3 0.997118
glimmer.txt 6 1 5.95252 0.983227 5.89925 2215.02 0.999978
leadadas.txt 8 3 302.849 0.962136 296.667 115903 0.993212
leaddm..txt 5 1 13.9702 0.954464 13.8529 4199.21 0.999372
leaddm.txt 5 1 13.9702 0.966377 13.8529 4199.21 0.999372
leadmm..txt 8 3 302.849 0.99353 292.198 109864 0.995245
leadmm.txt 8 3 302.849 0.984061 298.812 115541 0.984152
mcstas.txt 5 1 270925 0.96471 193518 2.05616e+008 0.970759
mememast.txt 4 1 7.28879 0.960145 7.25826 2124.43 0.999967
molsci.txt 7 2 61.9548 0.97132 60.5547 26587.6 0.993441
motif_large.txt 505 500 552.126 0.950624 394.376 9.77507e+007 0.950639
motif_medium.txt 140 135 552.126 0.989117 394.376 2.80503e+007 0.989276
motif_small.txt 15 10 552.126 0.964782 544.206 1.27571e+006 0.96496
psload_large.txt 5086 1000 3.037 0.955952 3.03692 2.2959e+006 0.955952
psload_medium.txt 491 100 3.037 0.995438 3.03692 214962 0.995438
psload_small.txt 6 1 3.037 0.970096 2.92604 1009.45 0.999993
psmerge_medium.txt 843 195 896.522 0.997582 640.373 4.12477e+008 0.997947
psmerge_small.txt 82 77 896.522 0.99591 640.373 3.65263e+007 0.996243
scoop_large..txt 103 100 54.7267 0.97829 44.3927 2.06516e+006 0.978452
scoop_large.txt 103 100 54.7267 0.989211 44.247 2.06716e+006 0.989284
scoop_medium.txt 53 50 54.7267 0.980793 44.3927 1.02907e+006 0.980885
scoop_small.txt 8 5 54.7267 0.995641 42.4378 98128.7 0.996965
