44
CyberShake_100.txt 102 48 10.895 0.963483 10.8947 37024.3 0.96473
CyberShake_50.txt 52 23 12.5391 0.998998 12.5389 23023 0.999177
Epigenomics_100.txt 102 24 1425.68 0.972406 1365.32 8.87411e+006 0.973646
Epigenomics_24.txt 26 5 266.351 0.986295 263.859 394057 0.987078
Epigenomics_46.txt 49 5 368.824 0.969552 358.593 803218 0.969577
Inspiral_100.txt 102 11 63.605 0.980422 63.6009 424463 0.98043
Inspiral_1000.txt 1002 40 67.453 0.990786 61.3209 5.57986e+006 0.990788
Inspiral_30.txt 32 7 63.7205 0.951561 63.7128 123297 0.964984
Inspiral_50.txt 52 12 67.3294 0.993158 67.2996 238414 0.993209
Montage_100.txt 102 62 3.37506 0.951933 3.36742 23784.4 0.999171
Montage_1000.txt 1002 662 17.5845 0.966248 17.5434 215988 0.966252
Montage_25.txt 27 9 2.21965 0.962866 2.21927 4713.93 0.998876
Montage_50.txt 52 28 2.6611 0.957131 2.65977 10056.7 0.992179
Sipht_100.txt 99 23 213.565 0.990247 211.694 390220 0.993427
Sipht_1000.txt 970 32 253.662 0.960331 246.111 3.98781e+006 0.962686
Sipht_30.txt 31 17 210.413 0.973282 194.625 112371 0.975178
Sipht_60.txt 60 18 221.427 0.9683 211.654 245863 0.968541
avianflu_large.txt 2004 2000 103.084 0.990407 93.7131 1.60867e+008 0.990429
avianflu_medium.txt 1004 1000 103.084 0.987453 93.7131 7.63137e+007 0.9875
avianflu_small.txt 104 100 103.084 0.995863 93.7131 6.11538e+006 0.995869
cadsr.txt 6 2 0.954485 0.95786 0.952218 432.851 0.999645
floodplain.txt 9 2 5583.74 0.991759 5545.19 3.38461e+006 0.992879
gene2life.txt 10 2 25.7711 0.980654 25.7684 23342 0.997635
glimmer.txt 6 1 4.67698 0.986379 4.67626 2055.42 0.999567
leadadas.txt 8 3 237.953 0.953129 237.874 110641 0.961808
leaddm..txt 5 1 10.9766 0.977049 10.9577 4959.15 0.999779
leaddm.txt 5 1 10.9766 0.969451 10.9577 4959.15 0.999779
leadmm..txt 8 3 237.953 0.956125 237.265 112008 0.984725
leadmm.txt 8 3 237.953 0.975788 237.265 112008 0.984725
mcstas.txt 5 1 212869 0.958702 193518 2.05616e+008 0.970759
mememast.txt 4 1 5.72691 0.999227 5.48926 2630.3 0.999709
molsci.txt 7 2 48.6787 0.971084 48.6547 29525.7 0.996783
motif_large.txt 505 500 433.813 0.992887 394.376 1.20901e+008 0.992971
motif_medium.txt 140 135 433.813 0.979772 394.376 2.29472e+007 0.979821
motif_small.txt 15 10 433.813 0.966208 429.003 1.30631e+006 0.966998
psload_large.txt 5086 1000 2.38621 0.983813 2.36014 2.35304e+006 0.983813
psload_medium.txt 491 100 2.38621 0.963344 2.371 206374 0.969911
psload_small.txt 6 1 2.38621 0.988154 2.37286 1088.06 0.999992
psmerge_medium.txt 843 195 704.41 0.971682 640.373 3.98537e+008 0.972113
psmerge_small.txt 82 77 704.41 0.978049 640.373 2.68181e+007 0.978212
scoop_large..txt 103 100 42.9996 0.970625 42.9134 2.02632e+006 0.970867
scoop_large.txt 103 100 42.9996 0.982621 42.9134 2.05204e+006 0.98281
scoop_medium.txt 53 50 42.9996 0.972992 42.4378 984633 0.973242
scoop_small.txt 8 5 42.9996 0.976979 42.9134 98128.4 0.994359
