44
CyberShake_100.txt 102 48 14.8568 0.999 14.1107 43851.9 0.999076
CyberShake_50.txt 52 23 17.0987 0.999 16.902 24970.7 0.999155
Epigenomics_100.txt 102 24 1944.11 0.999 1296.07 1.8596e+007 0.999987
Epigenomics_24.txt 26 5 363.207 0.999 346.585 373123 0.999082
Epigenomics_46.txt 49 5 502.942 0.999 335.295 1.45316e+006 0.999143
Inspiral_100.txt 102 11 86.7341 0.999 77.9459 488396 0.999124
Inspiral_1000.txt 1002 40 91.9813 0.999 61.3209 9.96816e+006 0.999005
Inspiral_30.txt 32 7 86.8915 0.999 85.2328 132529 0.999036
Inspiral_50.txt 52 12 91.8128 0.999 90.8455 211229 0.999102
Montage_100.txt 102 62 4.60235 0.999 4.59999 21682.6 0.999809
Montage_1000.txt 1002 662 23.9788 0.999 23.9537 255806 0.999151
Montage_25.txt 27 9 3.0268 0.999 3.02656 3711.03 0.999093
Montage_50.txt 52 28 3.62878 0.999 3.62703 10402.8 0.999069
Sipht_100.txt 99 23 291.224 0.999 194.15 398425 0.999184
Sipht_1000.txt 970 32 345.903 0.999 230.602 7.50577e+006 0.999058
Sipht_30.txt 31 17 286.926 0.999 192.891 127487 0.999139
Sipht_60.txt 60 18 301.946 0.999 289.044 246241 0.999291
avianflu_large.txt 2004 2000 140.57 0.999 93.7131 1.65472e+008 0.999051
avianflu_medium.txt 1004 1000 140.57 0.999 93.7131 8.24954e+007 0.999057
avianflu_small.txt 104 100 140.57 0.999 93.7131 7.8164e+006 0.999063
cadsr.txt 6 2 1.30157 0.999 1.2705 368.605 0.99995
floodplain.txt 9 2 7614.19 0.999 5076.12 7.38492e+006 0.99999
gene2life.txt 10 2 35.1424 0.999 35.1357 20404.9 0.999327
glimmer.txt 6 1 6.3777 0.999 5.96243 1780.95 0.99964
leadadas.txt 8 3 324.482 0.999 322.228 109479 0.999462
leaddm..txt 5 1 14.9681 0.999 14.5272 3980.58 0.999488
leaddm.txt 5 1 14.9681 0.999 14.5272 3980.58 0.999488
leadmm..txt 8 3 324.482 0.999 227.486 115973 0.999687
leadmm.txt 8 3 324.482 0.999 227.486 115973 0.999687
mcstas.txt 5 1 290276 0.999 193518 2.05616e+008 0.970759
mememast.txt 4 1 7.80942 0.999 7.43755 2142.59 0.999531
molsci.txt 7 2 66.3801 0.999 56.7977 25365.5 0.999003
motif_large.txt 505 500 591.564 0.999 394.376 1.24137e+008 0.999036
motif_medium.txt 140 135 591.564 0.999 394.376 3.32778e+007 0.999056
motif_small.txt 15 10 591.564 0.999 394.376 2.16154e+006 0.999063
psload_large.txt 5086 1000 3.25393 0.999 2.16928 4.19401e+006 0.999001
psload_medium.txt 491 100 3.25393 0.999 3.25081 206135 0.999
psload_small.txt 6 1 3.25393 0.999 3.24128 959.824 0.999995
psmerge_medium.txt 843 195 960.559 0.999 640.373 4.13224e+008 0.99935
psmerge_small.txt 82 77 960.559 0.999 640.373 3.80199e+007 0.999047
scoop_large..txt 103 100 58.6358 0.999 39.0905 3.63028e+006 0.999024
scoop_large.txt 103 100 58.6358 0.999 39.0905 3.63028e+006 0.999024
scoop_medium.txt 53 50 58.6358 0.999 39.0905 1.55586e+006 0.999024
scoop_small.txt 8 5 58.6358 0.999 42.4378 102603 0.999087
