44
CyberShake_100.txt 102 48 1e+009 0.99 61.2353 46721.5 0.991572
CyberShake_50.txt 52 23 1e+009 0.99 59.4534 21385.8 0.990766
Epigenomics_100.txt 102 24 1e+009 0.99 1296.07 1.35694e+007 0.990578
Epigenomics_24.txt 26 5 1e+009 0.99 3265.06 265553 0.990525
Epigenomics_46.txt 49 5 1e+009 0.99 3745.64 725116 0.99398
Inspiral_100.txt 102 11 1e+009 0.99 421.752 470724 0.992729
Inspiral_1000.txt 1002 40 1e+009 0.99 281.25 5.27287e+006 0.99022
Inspiral_30.txt 32 7 1e+009 0.99 440.053 103594 0.990162
Inspiral_50.txt 52 12 1e+009 0.99 627.733 243290 0.993454
Montage_100.txt 102 62 1e+009 0.99 19.6893 23033.9 0.991902
Montage_1000.txt 1002 662 1e+009 0.99 54.5613 243591 0.990064
Montage_25.txt 27 9 1e+009 0.99 30.5323 1598.77 0.990115
Montage_50.txt 52 28 1e+009 0.99 22.1317 8758.7 0.99186
Sipht_100.txt 99 23 1e+009 0.99 1783.14 277558 0.990241
Sipht_1000.txt 970 32 1e+009 0.99 1204.43 3.97036e+006 0.99019
Sipht_30.txt 31 17 1e+009 0.99 853.07 59606.7 0.990058
Sipht_60.txt 60 18 1e+009 0.99 201.298 266281 0.990536
avianflu_large.txt 2004 2000 1e+009 0.99 93.7131 1.60659e+008 0.990042
avianflu_medium.txt 1004 1000 1e+009 0.99 93.7131 7.76828e+007 0.990048
avianflu_small.txt 104 100 1e+009 0.99 1576.42 230786 0.990106
cadsr.txt 6 2 1e+009 0.99 11.4435 241.624 0.998132
floodplain.txt 9 2 1e+009 0.99 17023.4 3.14331e+006 0.991486
gene2life.txt 10 2 1e+009 0.99 199.055 19636.5 0.990228
glimmer.txt 6 1 1e+009 0.99 81.4533 243.705 0.993633
leadadas.txt 8 3 1e+009 0.99 3698.73 10636.4 0.990551
leaddm..txt 5 1 1e+009 0.99 176.422 1031 0.993154
leaddm.txt 5 1 1e+009 0.99 176.422 1031 0.993154
leadmm..txt 8 3 1e+009 0.99 4051.87 26930.3 0.998429
leadmm.txt 8 3 1e+009 0.99 4051.87 26930.3 0.998429
mcstas.txt 5 1 1e+009 0.99 193518 2.05616e+008 0.970759
mememast.txt 4 1 1e+009 0.99 109.342 137.84 0.994269
molsci.txt 7 2 1e+009 0.99 541.455 10727.3 0.994159
motif_large.txt 505 500 1e+009 0.99 394.376 1.19408e+008 0.990183
motif_medium.txt 140 135 1e+009 0.99 394.376 2.85481e+007 0.990203
motif_small.txt 15 10 1e+009 0.99 4886.74 746955 0.990278
psload_large.txt 5086 1000 1e+009 0.99 29.5252 2.35636e+006 0.992336
psload_medium.txt 491 100 1e+009 0.99 33.8967 213116 0.993653
psload_small.txt 6 1 1e+009 0.99 18.033 823.417 0.997198
psmerge_medium.txt 843 195 1e+009 0.99 640.373 4.08245e+008 0.990033
psmerge_small.txt 82 77 1e+009 0.99 640.373 3.32902e+007 0.990196
scoop_large..txt 103 100 1e+009 0.99 781.266 1.34839e+006 0.990052
scoop_large.txt 103 100 1e+009 0.99 704.358 115258 0.99016
scoop_medium.txt 53 50 1e+009 0.99 781.266 114354 0.990027
scoop_small.txt 8 5 1e+009 0.99 781.5 26165.3 0.990734
