44
CyberShake_100.txt 102 48 1e+009 0.9 65.147 44818.7 0.900541
CyberShake_50.txt 52 23 1e+009 0.9 77.1489 23123.8 0.900091
Epigenomics_100.txt 102 24 1e+009 0.9 15776.9 6.80573e+006 0.900103
Epigenomics_24.txt 26 5 1e+009 0.9 3301.46 127662 0.910746
Epigenomics_46.txt 49 5 1e+009 0.9 1569.97 824786 0.902588
Inspiral_100.txt 102 11 1e+009 0.9 581.036 312702 0.900518
Inspiral_1000.txt 1002 40 1e+009 0.9 924.39 5.07286e+006 0.90143
Inspiral_30.txt 32 7 1e+009 0.9 521.834 74398.2 0.91363
Inspiral_50.txt 52 12 1e+009 0.9 1177.85 92472.4 0.901408
Montage_100.txt 102 62 1e+009 0.9 41.5123 9208.11 0.925956
Montage_1000.txt 1002 662 1e+009 0.9 120.954 234694 0.901715
Montage_25.txt 27 9 1e+009 0.9 30.9753 3858.04 0.914732
Montage_50.txt 52 28 1e+009 0.9 38.9905 7055.64 0.925123
Sipht_100.txt 99 23 1e+009 0.9 2259.96 332326 0.977804
Sipht_1000.txt 970 32 1e+009 0.9 640.2 3.98696e+006 0.901393
Sipht_30.txt 31 17 1e+009 0.9 1025.5 61443.8 0.901868
Sipht_60.txt 60 18 1e+009 0.9 2695.24 163237 0.902712
avianflu_large.txt 2004 2000 1e+009 0.9 93.7131 1.10002e+008 0.900007
avianflu_medium.txt 1004 1000 1e+009 0.9 1576.42 2.24168e+006 0.900091
avianflu_small.txt 104 100 1e+009 0.9 1576.42 244158 0.900833
cadsr.txt 6 2 1e+009 0.9 16.1995 238.579 0.972353
floodplain.txt 9 2 1e+009 0.9 62157.3 1.08169e+006 0.909513
gene2life.txt 10 2 1e+009 0.9 404.157 16338 0.929649
glimmer.txt 6 1 1e+009 0.9 111.699 106.667 0.961505
leadadas.txt 8 3 1e+009 0.9 4209.48 7432.91 0.916122
leaddm..txt 5 1 1e+009 0.9 216.207 1023.81 0.964196
leaddm.txt 5 1 1e+009 0.9 216.207 1023.81 0.964196
leadmm..txt 8 3 1e+009 0.9 4063.23 15402 0.94156
leadmm.txt 8 3 1e+009 0.9 4063.23 15402 0.94156
mcstas.txt 5 1 1e+009 0.9 193518 2.05616e+008 0.970759
mememast.txt 4 1 1e+009 0.9 132.116 133.595 0.977813
molsci.txt 7 2 1e+009 0.9 875.502 2818.91 0.906059
motif_large.txt 505 500 1e+009 0.9 394.376 6.87503e+007 0.900148
motif_medium.txt 140 135 1e+009 0.9 7497.43 942361 0.902088
motif_small.txt 15 10 1e+009 0.9 7560.88 73834.5 0.905919
psload_large.txt 5086 1000 1e+009 0.9 48.1646 2.3516e+006 0.900179
psload_medium.txt 491 100 1e+009 0.9 48.1646 206614 0.900129
psload_small.txt 6 1 1e+009 0.9 58.7404 265.889 0.917615
psmerge_medium.txt 843 195 1e+009 0.9 640.373 3.57712e+008 0.900242
psmerge_small.txt 82 77 1e+009 0.9 8659.9 1.6423e+007 0.95431
scoop_large..txt 103 100 1e+009 0.9 860.68 1.25054e+006 0.90009
scoop_large.txt 103 100 1e+009 0.9 860.68 1.25054e+006 0.90009
scoop_medium.txt 53 50 1e+009 0.9 861.301 724199 0.902892
scoop_small.txt 8 5 1e+009 0.9 40.6237 103722 0.997006
