44
CyberShake_100.txt 102 48 1e+009 0.999 60.3298 48509.2 0.999311
CyberShake_50.txt 52 23 1e+009 0.999 49.5171 28550.2 0.999544
Epigenomics_100.txt 102 24 1e+009 0.999 1296.07 1.8596e+007 0.999987
Epigenomics_24.txt 26 5 1e+009 0.999 1256.42 381021 0.999294
Epigenomics_46.txt 49 5 1e+009 0.999 335.295 1.45316e+006 0.999143
Inspiral_100.txt 102 11 1e+009 0.999 472.344 484827 0.999116
Inspiral_1000.txt 1002 40 1e+009 0.999 61.3209 9.96816e+006 0.999005
Inspiral_30.txt 32 7 1e+009 0.999 962.556 132534 0.999741
Inspiral_50.txt 52 12 1e+009 0.999 449.102 267100 0.999506
Montage_100.txt 102 62 1e+009 0.999 36.6675 21526.7 0.999236
Montage_1000.txt 1002 662 1e+009 0.999 34.3258 254066 0.999005
Montage_25.txt 27 9 1e+009 0.999 14.0814 4452.08 0.999886
Montage_50.txt 52 28 1e+009 0.999 15.8398 11099.8 0.99988
Sipht_100.txt 99 23 1e+009 0.999 606.132 392467 0.999254
Sipht_1000.txt 970 32 1e+009 0.999 230.602 7.50577e+006 0.999058
Sipht_30.txt 31 17 1e+009 0.999 555.168 116002 0.999013
Sipht_60.txt 60 18 1e+009 0.999 1482.9 237033 0.999582
avianflu_large.txt 2004 2000 1e+009 0.999 93.7131 1.65472e+008 0.999051
avianflu_medium.txt 1004 1000 1e+009 0.999 93.7131 8.24954e+007 0.999057
avianflu_small.txt 104 100 1e+009 0.999 93.7131 7.8164e+006 0.999063
cadsr.txt 6 2 1e+009 0.999 6.15561 351.303 0.999065
floodplain.txt 9 2 1e+009 0.999 5076.12 7.38492e+006 0.99999
gene2life.txt 10 2 1e+009 0.999 269.385 16395.7 0.999192
glimmer.txt 6 1 1e+009 0.999 76.2422 168.188 0.999307
leadadas.txt 8 3 1e+009 0.999 3893.41 13943.4 0.999987
leaddm..txt 5 1 1e+009 0.999 105.114 2493.16 0.999895
leaddm.txt 5 1 1e+009 0.999 105.114 2493.16 0.999895
leadmm..txt 8 3 1e+009 0.999 3893.41 13554.1 0.999987
leadmm.txt 8 3 1e+009 0.999 3893.41 13554.1 0.999987
mcstas.txt 5 1 1e+009 0.999 193518 2.05616e+008 0.970759
mememast.txt 4 1 1e+009 0.999 98.8787 146.033 0.999433
molsci.txt 7 2 1e+009 0.999 707.988 4302.64 0.999058
motif_large.txt 505 500 1e+009 0.999 394.376 1.24137e+008 0.999036
motif_medium.txt 140 135 1e+009 0.999 394.376 3.32778e+007 0.999056
motif_small.txt 15 10 1e+009 0.999 394.376 2.16154e+006 0.999063
psload_large.txt 5086 1000 1e+009 0.999 2.16928 4.19401e+006 0.999001
psload_medium.txt 491 100 1e+009 0.999 29.5252 220383 0.999059
psload_small.txt 6 1 1e+009 0.999 14.832 825.09 0.999056
psmerge_medium.txt 843 195 1e+009 0.999 640.373 4.13224e+008 0.99935
psmerge_small.txt 82 77 1e+009 0.999 640.373 3.80199e+007 0.999047
scoop_large..txt 103 100 1e+009 0.999 39.0905 3.63028e+006 0.999024
scoop_large.txt 103 100 1e+009 0.999 39.0905 3.63028e+006 0.999024
scoop_medium.txt 53 50 1e+009 0.999 39.0905 1.55586e+006 0.999024
scoop_small.txt 8 5 1e+009 0.999 781.354 45757 0.999099
