44
CyberShake_100.txt 102 48 14.8568 0.9 14.8563 31146.7 0.901543
CyberShake_50.txt 52 23 17.0987 0.9 17.0963 18659.3 0.949408
Epigenomics_100.txt 102 24 1944.11 0.9 1902.8 6.52544e+006 0.902335
Epigenomics_24.txt 26 5 363.207 0.9 350.586 289121 0.906949
Epigenomics_46.txt 49 5 502.942 0.9 480.677 798934 0.907188
Inspiral_100.txt 102 11 86.7341 0.9 86.7209 313393 0.904062
Inspiral_1000.txt 1002 40 91.9813 0.9 91.9385 5.04232e+006 0.900278
Inspiral_30.txt 32 7 86.8915 0.9 86.8315 95695.7 0.921399
Inspiral_50.txt 52 12 91.8128 0.9 91.7009 178021 0.908296
Montage_100.txt 102 62 4.60235 0.9 4.60225 14187.3 0.982721
Montage_1000.txt 1002 662 23.9788 0.9 23.9785 135054 0.900005
Montage_25.txt 27 9 3.0268 0.9 3.0267 3746.28 0.99893
Montage_50.txt 52 28 3.62878 0.9 3.62858 6786.3 0.984389
Sipht_100.txt 99 23 291.224 0.9 260.018 346178 0.900152
Sipht_1000.txt 970 32 345.903 0.9 344.323 3.77601e+006 0.902313
Sipht_30.txt 31 17 286.926 0.9 194.625 111473 0.904254
Sipht_60.txt 60 18 301.946 0.9 267.907 213480 0.900824
avianflu_large.txt 2004 2000 140.57 0.9 93.7131 1.10002e+008 0.900007
avianflu_medium.txt 1004 1000 140.57 0.9 127.182 4.14559e+007 0.900288
avianflu_small.txt 104 100 140.57 0.9 127.182 4.02624e+006 0.900072
cadsr.txt 6 2 1.30157 0.9 1.30106 347.635 0.99996
floodplain.txt 9 2 7614.19 0.9 7539.39 3.04982e+006 0.90057
gene2life.txt 10 2 35.1424 0.9 35.1357 18504.5 0.997476
glimmer.txt 6 1 6.3777 0.9 6.08812 1742.05 0.999647
leadadas.txt 8 3 324.482 0.9 303.349 98563.5 0.969188
leaddm..txt 5 1 14.9681 0.9 14.5272 3980.58 0.999488
leaddm.txt 5 1 14.9681 0.9 14.5272 3980.58 0.999488
leadmm..txt 8 3 324.482 0.9 301.295 95171.6 0.970626
leadmm.txt 8 3 324.482 0.9 301.295 95171.6 0.970626
mcstas.txt 5 1 290276 0.9 193518 2.05616e+008 0.970759
mememast.txt 4 1 7.80942 0.9 7.43755 2142.59 0.999531
molsci.txt 7 2 66.3801 0.9 65.6295 22751 0.979
motif_large.txt 505 500 591.564 0.9 394.376 6.87503e+007 0.900148
motif_medium.txt 140 135 591.564 0.9 591.301 9.31058e+006 0.943848
motif_small.txt 15 10 591.564 0.9 591.301 767629 0.995553
psload_large.txt 5086 1000 3.25393 0.9 3.25081 1.63239e+006 0.953632
psload_medium.txt 491 100 3.25393 0.9 3.25081 152805 0.995763
psload_small.txt 6 1 3.25393 0.9 3.22192 873.819 0.999881
psmerge_medium.txt 843 195 960.559 0.9 640.373 3.57712e+008 0.900242
psmerge_small.txt 82 77 960.559 0.9 958.453 1.91136e+007 0.901462
scoop_large..txt 103 100 58.6358 0.9 56.7368 1.9381e+006 0.90006
scoop_large.txt 103 100 58.6358 0.9 56.7368 1.9381e+006 0.90006
scoop_medium.txt 53 50 58.6358 0.9 57.3582 899975 0.900113
scoop_small.txt 8 5 58.6358 0.9 40.6237 103722 0.997006
