44
CyberShake_100.txt 102 48 1e+009 0.999238 10.6866 50123 0.99931
CyberShake_50.txt 52 23 1e+009 0.971779 48.4603 23407.8 0.973184
Epigenomics_100.txt 102 24 1e+009 0.980509 18679.6 8.48653e+006 0.983829
Epigenomics_24.txt 26 5 1e+009 0.977188 1256.42 362935 0.977255
Epigenomics_46.txt 49 5 1e+009 0.990211 362.295 920606 0.991804
Inspiral_100.txt 102 11 1e+009 0.992684 459.967 470318 0.994785
Inspiral_1000.txt 1002 40 1e+009 0.965563 705.879 5.20737e+006 0.965823
Inspiral_30.txt 32 7 1e+009 0.999136 347.364 137775 0.999727
Inspiral_50.txt 52 12 1e+009 0.976898 589.127 191362 0.977815
Montage_100.txt 102 62 1e+009 0.99294 25.562 20810.2 0.99488
Montage_1000.txt 1002 662 1e+009 0.968029 43.9026 254184 0.969881
Montage_25.txt 27 9 1e+009 0.956147 2.7078 5200.08 0.99871
Montage_50.txt 52 28 1e+009 0.996935 25.2941 10515.9 0.99879
Sipht_100.txt 99 23 1e+009 0.963154 1158.85 370195 0.965014
Sipht_1000.txt 970 32 1e+009 0.982343 1416.37 4.05777e+006 0.99255
Sipht_30.txt 31 17 1e+009 0.999923 191.284 255682 1
Sipht_60.txt 60 18 1e+009 0.98462 202.738 265461 0.987616
avianflu_large.txt 2004 2000 1e+009 0.988087 93.7131 1.59622e+008 0.988112
avianflu_medium.txt 1004 1000 1e+009 0.986775 93.7131 7.59403e+007 0.986807
avianflu_small.txt 104 100 1e+009 0.990482 1576.42 231244 0.990578
cadsr.txt 6 2 1e+009 0.990847 16.7314 131.945 0.997199
floodplain.txt 9 2 1e+009 0.987267 39590.3 2.45378e+006 0.994359
gene2life.txt 10 2 1e+009 0.991628 77.2802 22271.7 0.991723
glimmer.txt 6 1 1e+009 0.992714 83.6749 178.507 0.998286
leadadas.txt 8 3 1e+009 0.962015 3965.95 6973.58 0.965358
leaddm..txt 5 1 1e+009 0.952026 183.422 1703.82 0.969799
leaddm.txt 5 1 1e+009 0.999855 130.926 1731.26 0.999869
leadmm..txt 8 3 1e+009 0.960469 3936.16 6777.94 0.964912
leadmm.txt 8 3 1e+009 0.956672 3936.16 6688.7 0.958421
mcstas.txt 5 1 1e+009 0.977396 193518 2.05616e+008 0.970759
mememast.txt 4 1 1e+009 0.966022 132.116 133.595 0.977813
molsci.txt 7 2 1e+009 0.993246 762.7 2988.34 0.993852
motif_large.txt 505 500 1e+009 0.992605 394.376 1.20777e+008 0.992738
motif_medium.txt 140 135 1e+009 0.97954 394.376 2.28227e+007 0.979592
motif_small.txt 15 10 1e+009 0.991956 7546.85 314307 0.993129
psload_large.txt 5086 1000 1e+009 0.95757 33.8967 2.33893e+006 0.962893
psload_medium.txt 491 100 1e+009 0.983658 33.8967 217449 0.988482
psload_small.txt 6 1 1e+009 0.998407 15.6944 823.817 0.998977
psmerge_medium.txt 843 195 1e+009 0.97674 640.373 4.01275e+008 0.977134
psmerge_small.txt 82 77 1e+009 0.953826 9591.31 7.28557e+006 0.960566
scoop_large..txt 103 100 1e+009 0.963584 781.5 720783 0.970615
scoop_large.txt 103 100 1e+009 0.978801 781.266 720898 0.978848
scoop_medium.txt 53 50 1e+009 0.975519 781.5 549153 0.975932
scoop_small.txt 8 5 1e+009 0.979521 781.976 5534.36 0.979689
