44
CyberShake_100.txt 102 48 14.8568 0.98 14.8404 37820.1 0.980064
CyberShake_50.txt 52 23 17.0987 0.98 16.9467 22671.5 0.981972
Epigenomics_100.txt 102 24 1944.11 0.98 1837.03 8.84104e+006 0.98213
Epigenomics_24.txt 26 5 363.207 0.98 362.557 279859 0.980078
Epigenomics_46.txt 49 5 502.942 0.98 502.304 520272 0.980394
Inspiral_100.txt 102 11 86.7341 0.98 85.6813 424682 0.980618
Inspiral_1000.txt 1002 40 91.9813 0.98 90.8626 5.18028e+006 0.980871
Inspiral_30.txt 32 7 86.8915 0.98 86.7772 98467.1 0.984427
Inspiral_50.txt 52 12 91.8128 0.98 91.8001 190839 0.980794
Montage_100.txt 102 62 4.60235 0.98 4.59999 21682.6 0.999809
Montage_1000.txt 1002 662 23.9788 0.98 23.9672 205823 0.980006
Montage_25.txt 27 9 3.0268 0.98 3.02582 4398.34 0.999531
Montage_50.txt 52 28 3.62878 0.98 3.62781 6924.36 0.985832
Sipht_100.txt 99 23 291.224 0.98 279.813 340441 0.984095
Sipht_1000.txt 970 32 345.903 0.98 303.272 3.97918e+006 0.983046
Sipht_30.txt 31 17 286.926 0.98 282.151 95417.9 0.98002
Sipht_60.txt 60 18 301.946 0.98 266.3 241359 0.982333
avianflu_large.txt 2004 2000 140.57 0.98 93.7131 1.55266e+008 0.980043
avianflu_medium.txt 1004 1000 140.57 0.98 93.7131 7.22893e+007 0.980049
avianflu_small.txt 104 100 140.57 0.98 127.182 4.1366e+006 0.980099
cadsr.txt 6 2 1.30157 0.98 1.26967 378.182 0.999973
floodplain.txt 9 2 7614.19 0.98 7395.09 3.20857e+006 0.983793
gene2life.txt 10 2 35.1424 0.98 33.751 23235.5 0.999137
glimmer.txt 6 1 6.3777 0.98 6.37167 2212.68 0.999617
leadadas.txt 8 3 324.482 0.98 323.266 111665 0.993002
leaddm..txt 5 1 14.9681 0.98 14.8619 4286.95 0.996502
leaddm.txt 5 1 14.9681 0.98 14.8619 4286.95 0.996502
leadmm..txt 8 3 324.482 0.98 310.439 109861 0.981499
leadmm.txt 8 3 324.482 0.98 310.439 109861 0.981499
mcstas.txt 5 1 290276 0.98 193518 2.05616e+008 0.970759
mememast.txt 4 1 7.80942 0.98 7.62687 2006.72 0.999707
molsci.txt 7 2 66.3801 0.98 59.1398 27265.6 0.994863
motif_large.txt 505 500 591.564 0.98 394.376 1.13931e+008 0.980031
motif_medium.txt 140 135 591.564 0.98 394.376 2.30717e+007 0.980051
motif_small.txt 15 10 591.564 0.98 591.301 767629 0.995553
psload_large.txt 5086 1000 3.25393 0.98 3.25081 2.13229e+006 0.98
psload_medium.txt 491 100 3.25393 0.98 3.25081 158219 0.994606
psload_small.txt 6 1 3.25393 0.98 3.22117 1036.08 0.999883
psmerge_medium.txt 843 195 960.559 0.98 640.373 4.03018e+008 0.980343
psmerge_small.txt 82 77 960.559 0.98 640.373 2.78138e+007 0.980046
scoop_large..txt 103 100 58.6358 0.98 56.8826 2.05124e+006 0.980061
scoop_large.txt 103 100 58.6358 0.98 56.8826 2.05124e+006 0.980061
scoop_medium.txt 53 50 58.6358 0.98 56.8826 1.01272e+006 0.980127
scoop_small.txt 8 5 58.6358 0.98 57.3582 83904.1 0.982699
