44
CyberShake_100.txt 102 48 1e+009 0.98 63.8327 47410.9 0.980034
CyberShake_50.txt 52 23 1e+009 0.98 51.026 26185.8 0.982685
Epigenomics_100.txt 102 24 1e+009 0.98 9296.07 9.06347e+006 0.983065
Epigenomics_24.txt 26 5 1e+009 0.98 2894.87 257500 0.998692
Epigenomics_46.txt 49 5 1e+009 0.98 4785.08 643639 0.984989
Inspiral_100.txt 102 11 1e+009 0.98 909.992 419469 0.981159
Inspiral_1000.txt 1002 40 1e+009 0.98 506.982 5.20933e+006 0.981013
Inspiral_30.txt 32 7 1e+009 0.98 478.41 93724.2 0.98199
Inspiral_50.txt 52 12 1e+009 0.98 532.631 179115 0.980343
Montage_100.txt 102 62 1e+009 0.98 25.935 19429.6 0.98191
Montage_1000.txt 1002 662 1e+009 0.98 44.4888 257712 0.980436
Montage_25.txt 27 9 1e+009 0.98 14.2671 4031.92 0.988766
Montage_50.txt 52 28 1e+009 0.98 25.3212 5737.78 0.980004
Sipht_100.txt 99 23 1e+009 0.98 2259.96 336989 0.980847
Sipht_1000.txt 970 32 1e+009 0.98 1097.58 3.94728e+006 0.983044
Sipht_30.txt 31 17 1e+009 0.98 1275.06 93921 0.980873
Sipht_60.txt 60 18 1e+009 0.98 1198.73 237270 0.982574
avianflu_large.txt 2004 2000 1e+009 0.98 93.7131 1.55266e+008 0.980043
avianflu_medium.txt 1004 1000 1e+009 0.98 93.7131 7.22893e+007 0.980049
avianflu_small.txt 104 100 1e+009 0.98 1576.42 231932 0.980216
cadsr.txt 6 2 1e+009 0.98 8.5336 349.78 0.986079
floodplain.txt 9 2 1e+009 0.98 24051 2.51274e+006 0.99567
gene2life.txt 10 2 1e+009 0.98 326.985 15693.2 0.980476
glimmer.txt 6 1 1e+009 0.98 100.967 262.349 0.98056
leadadas.txt 8 3 1e+009 0.98 4259.16 15988 0.998318
leaddm..txt 5 1 1e+009 0.98 127.609 2475.54 0.98882
leaddm.txt 5 1 1e+009 0.98 127.609 2475.54 0.98882
leadmm..txt 8 3 1e+009 0.98 3922.56 6797.32 0.980643
leadmm.txt 8 3 1e+009 0.98 3922.56 6797.32 0.980643
mcstas.txt 5 1 1e+009 0.98 193518 2.05616e+008 0.970759
mememast.txt 4 1 1e+009 0.98 123.373 135.443 0.983689
molsci.txt 7 2 1e+009 0.98 785.605 4149.8 0.989643
motif_large.txt 505 500 1e+009 0.98 394.376 1.13931e+008 0.980031
motif_medium.txt 140 135 1e+009 0.98 394.376 2.30717e+007 0.980051
motif_small.txt 15 10 1e+009 0.98 7031.72 1.03838e+006 0.996735
psload_large.txt 5086 1000 1e+009 0.98 33.8967 2.34998e+006 0.984059
psload_medium.txt 491 100 1e+009 0.98 33.8967 217102 0.985271
psload_small.txt 6 1 1e+009 0.98 12.7451 933.096 0.99813
psmerge_medium.txt 843 195 1e+009 0.98 640.373 4.03018e+008 0.980343
psmerge_small.txt 82 77 1e+009 0.98 640.373 2.78138e+007 0.980046
scoop_large..txt 103 100 1e+009 0.98 781.976 1.78182e+006 0.98303
scoop_large.txt 103 100 1e+009 0.98 781.976 1.78182e+006 0.98303
scoop_medium.txt 53 50 1e+009 0.98 781.976 705541 0.983013
scoop_small.txt 8 5 1e+009 0.98 781.976 6458.46 0.983063
