44
CyberShake_100.txt 102 48 13.8663 0.99 13.6368 45409.9 0.994044
CyberShake_50.txt 52 23 15.9588 0.99 15.9507 21429.8 0.99006
Epigenomics_100.txt 102 24 1814.5 0.99 1296.07 1.35694e+007 0.990578
Epigenomics_24.txt 26 5 338.993 0.99 327.352 389571 0.990009
Epigenomics_46.txt 49 5 469.413 0.99 460.33 565837 0.99006
Inspiral_100.txt 102 11 80.9518 0.99 75.872 464787 0.990909
Inspiral_1000.txt 1002 40 85.8492 0.99 84.8568 5.34707e+006 0.990291
Inspiral_30.txt 32 7 81.0988 0.99 80.1289 100023 0.990096
Inspiral_50.txt 52 12 85.6919 0.99 85.6787 218971 0.990216
Montage_100.txt 102 62 4.29553 0.99 4.2946 20183.6 0.990704
Montage_1000.txt 1002 662 22.3802 0.99 22.3781 244239 0.990063
Montage_25.txt 27 9 2.82502 0.99 2.82337 5131.41 0.999915
Montage_50.txt 52 28 3.38686 0.99 3.38635 7141.65 0.997565
Sipht_100.txt 99 23 271.809 0.99 259.356 354931 0.990165
Sipht_1000.txt 970 32 322.843 0.99 236.785 3.97049e+006 0.990093
Sipht_30.txt 31 17 267.798 0.99 193.589 112584 0.99191
Sipht_60.txt 60 18 281.817 0.99 268.364 226272 0.990212
avianflu_large.txt 2004 2000 131.198 0.99 93.7131 1.60659e+008 0.990042
avianflu_medium.txt 1004 1000 131.198 0.99 93.7131 7.76828e+007 0.990048
avianflu_small.txt 104 100 131.198 0.99 98.2926 4.15266e+006 0.990098
cadsr.txt 6 2 1.2148 0.99 1.20422 369.393 0.999644
floodplain.txt 9 2 7106.57 0.99 5877.73 3.15436e+006 0.990927
gene2life.txt 10 2 32.7996 0.99 32.5232 21900.6 0.997142
glimmer.txt 6 1 5.95252 0.99 5.71954 1801.41 0.993653
leadadas.txt 8 3 302.849 0.99 302.348 109438 0.990089
leaddm..txt 5 1 13.9702 0.99 13.8529 4199.21 0.999372
leaddm.txt 5 1 13.9702 0.99 13.8529 4199.21 0.999372
leadmm..txt 8 3 302.849 0.99 227.948 111497 0.991132
leadmm.txt 8 3 302.849 0.99 227.948 111497 0.991132
mcstas.txt 5 1 270925 0.99 193518 2.05616e+008 0.970759
mememast.txt 4 1 7.28879 0.99 7.16073 2174.38 0.999991
molsci.txt 7 2 61.9548 0.99 55.4097 26630.3 0.9962
motif_large.txt 505 500 552.126 0.99 394.376 1.19408e+008 0.990183
motif_medium.txt 140 135 552.126 0.99 394.376 2.85481e+007 0.990203
motif_small.txt 15 10 552.126 0.99 457.538 1.31496e+006 0.990645
psload_large.txt 5086 1000 3.037 0.99 3.03692 2.34783e+006 0.99
psload_medium.txt 491 100 3.037 0.99 3.03692 205944 0.99
psload_small.txt 6 1 3.037 0.99 3.03692 930.224 0.999852
psmerge_medium.txt 843 195 896.522 0.99 640.373 4.08245e+008 0.990033
psmerge_small.txt 82 77 896.522 0.99 640.373 3.32902e+007 0.990196
scoop_large..txt 103 100 54.7267 0.99 44.3927 2.06903e+006 0.990073
scoop_large.txt 103 100 54.7267 0.99 44.3927 2.06903e+006 0.990073
scoop_medium.txt 53 50 54.7267 0.99 40.6237 1.03721e+006 0.995255
scoop_small.txt 8 5 54.7267 0.99 40.6237 103722 0.997006
