44
CyberShake_100.txt 102 48 24.7613 0.977733 22.5791 33198.3 0.980516
CyberShake_50.txt 52 23 28.4979 0.973663 27.7481 21603.9 0.973664
Epigenomics_100.txt 102 24 3240.18 0.978925 2616.87 8.9229e+006 0.981388
Epigenomics_24.txt 26 5 605.344 0.950037 518.51 357644 0.958288
Epigenomics_46.txt 49 5 838.237 0.990792 570.081 854012 0.99296
Inspiral_100.txt 102 11 144.557 0.955529 141.017 356837 0.955584
Inspiral_1000.txt 1002 40 153.302 0.951542 151.741 5.04737e+006 0.953297
Inspiral_30.txt 32 7 144.819 0.994182 133.877 122126 0.995256
Inspiral_50.txt 52 12 153.021 0.951679 152.863 137534 0.952212
Montage_100.txt 102 62 7.67059 0.955651 7.63808 14314.1 0.996384
Montage_1000.txt 1002 662 39.9647 0.964074 39.9278 246780 0.965954
Montage_25.txt 27 9 5.04467 0.98424 5.0442 3411.94 0.998852
Montage_50.txt 52 28 6.04796 0.963132 6.04791 5146.79 0.996716
Sipht_100.txt 99 23 485.374 0.958028 477.377 316192 0.960891
Sipht_1000.txt 970 32 576.505 0.980248 230.602 3.99983e+006 0.985039
Sipht_30.txt 31 17 478.21 0.984751 401.197 99694.4 0.98673
Sipht_60.txt 60 18 503.244 0.966059 388.605 243481 0.966808
avianflu_large.txt 2004 2000 234.283 0.969057 93.7131 1.49292e+008 0.969084
avianflu_medium.txt 1004 1000 234.283 0.980709 93.7131 7.26627e+007 0.980738
avianflu_small.txt 104 100 234.283 0.974972 229.929 1.79353e+006 0.975054
cadsr.txt 6 2 2.16928 0.97096 2.14343 294.503 0.999908
floodplain.txt 9 2 12690.3 0.981092 12646.7 2.45478e+006 0.987509
gene2life.txt 10 2 58.5707 0.951926 58.4167 19988.6 0.99186
glimmer.txt 6 1 10.6295 0.98137 9.96416 1945.74 0.998633
leadadas.txt 8 3 540.803 0.951984 527.591 57656.9 0.969335
leaddm..txt 5 1 24.9468 0.992777 24.7943 3274.48 0.994441
leaddm.txt 5 1 24.9468 0.969904 24.7943 3274.48 0.994441
leadmm..txt 8 3 540.803 0.974335 442.454 61052.4 0.993586
leadmm.txt 8 3 540.803 0.989148 442.454 61052.4 0.993586
mcstas.txt 5 1 483794 0.959802 193518 2.05616e+008 0.970759
mememast.txt 4 1 13.0157 0.96161 13.0116 1728.82 0.999987
molsci.txt 7 2 110.633 0.960649 97.6104 19691.9 0.971305
motif_large.txt 505 500 985.94 0.955088 394.376 1.0024e+008 0.955103
motif_medium.txt 140 135 985.94 0.969592 394.376 1.74707e+007 0.969775
motif_small.txt 15 10 985.94 0.995642 889.137 631263 0.995736
psload_large.txt 5086 1000 5.42321 0.972588 5.34169 2.33243e+006 0.972615
psload_medium.txt 491 100 5.42321 0.960223 5.42273 174056 0.960248
psload_small.txt 6 1 5.42321 0.970641 4.91528 814.871 0.999897
psmerge_medium.txt 843 195 1600.93 0.980186 640.373 4.03018e+008 0.980343
psmerge_small.txt 82 77 1600.93 0.958653 1501.92 1.43649e+007 0.959353
scoop_large..txt 103 100 97.7263 0.984008 95.916 953807 0.984022
scoop_large.txt 103 100 97.7263 0.995948 95.6821 1.49555e+006 0.995983
scoop_medium.txt 53 50 97.7263 0.991699 95.6821 654446 0.991742
scoop_small.txt 8 5 97.7263 0.987291 95.916 46657 0.98896
