44
CyberShake_100.txt 102 48 13.8663 0.987881 13.8662 18385.7 0.985082
CyberShake_50.txt 52 23 15.9588 0.980469 15.958 13654.8 0.994136
Epigenomics_100.txt 102 24 1814.5 0.985067 1812 5.55945e+006 0.968654
Epigenomics_24.txt 26 5 338.993 0.953898 338.888 275504 0.998375
Epigenomics_46.txt 49 5 469.413 0.977329 466.549 557144 0.98995
Inspiral_100.txt 102 11 80.9518 0.958835 80.9358 281222 0.96848
Inspiral_1000.txt 1002 40 85.8492 0.966073 85.8483 3.50141e+006 0.961704
Inspiral_30.txt 32 7 81.0988 0.977154 81.0602 100476 0.993333
Inspiral_50.txt 52 12 85.6919 0.96939 85.6451 169921 0.980305
Montage_100.txt 102 62 4.29553 0.962201 4.295 13573 0.9905
Montage_1000.txt 1002 662 22.3802 0.95582 22.3771 93174.6 0.986913
Montage_25.txt 27 9 2.82502 0.977441 2.82478 3720.11 0.997881
Montage_50.txt 52 28 3.38686 0.999795 3.38536 7164.87 0.998904
Sipht_100.txt 99 23 271.809 0.961594 267.904 267135 0.991332
Sipht_1000.txt 970 32 322.843 0.971819 321.729 2.49394e+006 0.973924
Sipht_30.txt 31 17 267.798 0.966659 261.988 104992 0.997812
Sipht_60.txt 60 18 281.817 0.998095 277.202 189747 0.994685
avianflu_large.txt 2004 2000 131.198 0.972164 93.7131 8.2985e+007 0.855385
avianflu_medium.txt 1004 1000 131.198 0.953946 93.7131 4.14966e+007 0.924863
avianflu_small.txt 104 100 131.198 0.973475 93.7131 4.15713e+006 0.992205
cadsr.txt 6 2 1.2148 0.974207 1.2064 361.104 0.999256
floodplain.txt 9 2 7106.57 0.969509 7042.52 2.49021e+006 0.987859
gene2life.txt 10 2 32.7996 0.987958 32.6834 19793.3 0.995664
glimmer.txt 6 1 5.95252 0.983227 4.80178 2016.67 0.99907
leadadas.txt 8 3 302.849 0.962136 243.431 116048 0.998041
leaddm..txt 5 1 13.9702 0.954464 13.2232 4314.31 0.996715
leaddm.txt 5 1 13.9702 0.966377 13.2232 4314.31 0.996715
leadmm..txt 8 3 302.849 0.99353 235.978 114724 0.998253
leadmm.txt 8 3 302.849 0.984061 235.978 114724 0.998253
mcstas.txt 5 1 270925 0.96471 201335 1.0103e+008 0.817638
mememast.txt 4 1 7.28879 0.960145 6.60489 2318.65 0.999477
molsci.txt 7 2 61.9548 0.97132 60.7374 26879.3 0.99718
motif_large.txt 505 500 552.126 0.950624 550.422 6.22816e+007 0.889178
motif_medium.txt 140 135 552.126 0.989117 550.422 1.68519e+007 0.968561
motif_small.txt 15 10 552.126 0.964782 550.422 1.29378e+006 0.997345
psload_large.txt 5086 1000 3.037 0.955952 2.99995 1.82071e+006 0.696016
psload_medium.txt 491 100 3.037 0.995438 3.03692 170906 0.963896
psload_small.txt 6 1 3.037 0.970096 3.01194 888.663 0.996831
psmerge_medium.txt 843 195 896.522 0.997582 862.757 2.06686e+008 0.677366
psmerge_small.txt 82 77 896.522 0.99591 862.757 1.92134e+007 0.964183
scoop_large..txt 103 100 54.7267 0.97829 42.204 1.96255e+006 0.944528
scoop_large.txt 103 100 54.7267 0.989211 42.204 1.96255e+006 0.944528
scoop_medium.txt 53 50 54.7267 0.980793 42.204 981277 0.971864
scoop_small.txt 8 5 54.7267 0.995641 42.204 98128.8 0.997142
