44
CyberShake_100.txt 102 48 24.7613 0.977733 24.7576 13933.6 0.983509
CyberShake_50.txt 52 23 28.4979 0.973663 28.4916 10972.4 0.9877
Epigenomics_100.txt 102 24 3240.18 0.978925 3152.29 3.44335e+006 0.948325
Epigenomics_24.txt 26 5 605.344 0.950037 575.623 158970 0.990846
Epigenomics_46.txt 49 5 838.237 0.990792 837.536 364784 0.990733
Inspiral_100.txt 102 11 144.557 0.955529 144.514 166089 0.982418
Inspiral_1000.txt 1002 40 153.302 0.951542 153.297 1.90469e+006 0.92087
Inspiral_30.txt 32 7 144.819 0.994182 144.803 54683 0.995244
Inspiral_50.txt 52 12 153.021 0.951679 152.889 97380.9 0.991069
Montage_100.txt 102 62 7.67059 0.955651 7.66943 9089.97 0.988132
Montage_1000.txt 1002 662 39.9647 0.964074 39.9613 35840.8 0.992432
Montage_25.txt 27 9 5.04467 0.98424 5.04418 1992.84 0.998967
Montage_50.txt 52 28 6.04796 0.963132 6.04783 4541.24 0.99552
Sipht_100.txt 99 23 485.374 0.958028 482.375 144568 0.9931
Sipht_1000.txt 970 32 576.505 0.980248 563.205 1.38217e+006 0.967092
Sipht_30.txt 31 17 478.21 0.984751 475.284 47914.1 0.997335
Sipht_60.txt 60 18 503.244 0.966059 500.272 100456 0.996231
avianflu_large.txt 2004 2000 234.283 0.969057 182.781 3.87731e+007 0.715811
avianflu_medium.txt 1004 1000 234.283 0.980709 182.781 1.93907e+007 0.846049
avianflu_small.txt 104 100 234.283 0.974972 229.929 1.58312e+006 0.906672
cadsr.txt 6 2 2.16928 0.97096 2.1509 193.201 0.999841
floodplain.txt 9 2 12690.3 0.981092 11502.9 1.49547e+006 0.979064
gene2life.txt 10 2 58.5707 0.951926 58.1226 10688.4 0.996219
glimmer.txt 6 1 10.6295 0.98137 10.3331 956.794 0.999373
leadadas.txt 8 3 540.803 0.951984 491.699 55238.1 0.998274
leaddm..txt 5 1 24.9468 0.992777 24.5202 2232.38 0.998369
leaddm.txt 5 1 24.9468 0.969904 24.5202 2232.38 0.998369
leadmm..txt 8 3 540.803 0.974335 474.852 54341.9 0.997213
leadmm.txt 8 3 540.803 0.989148 474.852 54341.9 0.997213
mcstas.txt 5 1 483794 0.959802 201335 1.0103e+008 0.817638
mememast.txt 4 1 13.0157 0.96161 12.9054 1159.21 0.999044
molsci.txt 7 2 110.633 0.960649 104.587 14569.9 0.998287
motif_large.txt 505 500 985.94 0.955088 883.963 2.91132e+007 0.777925
motif_medium.txt 140 135 985.94 0.969592 883.963 7.88941e+006 0.934183
motif_small.txt 15 10 985.94 0.995642 975.529 518777 0.970717
psload_large.txt 5086 1000 5.42321 0.972588 5.3648 939863 0.926003
psload_medium.txt 491 100 5.42321 0.960223 5.3648 88818.9 0.992636
psload_small.txt 6 1 5.42321 0.970641 5.37995 481.144 0.99969
psmerge_medium.txt 843 195 1600.93 0.980186 1397.16 9.65981e+007 0.4347
psmerge_small.txt 82 77 1600.93 0.958653 1397.16 9.00043e+006 0.925313
scoop_large..txt 103 100 97.7263 0.984008 84.448 969122 0.991668
scoop_large.txt 103 100 97.7263 0.995948 84.448 969122 0.991668
scoop_medium.txt 53 50 97.7263 0.991699 84.448 484562 0.995821
scoop_small.txt 8 5 97.7263 0.987291 84.448 48457.2 0.999574
