44
CyberShake_100.txt 102 48 14.8568 0.95 14.8565 15192.3 0.988826
CyberShake_50.txt 52 23 17.0987 0.95 17.0703 12127.6 0.994946
Epigenomics_100.txt 102 24 1944.11 0.95 1907.53 5.27442e+006 0.967562
Epigenomics_24.txt 26 5 363.207 0.95 361.374 241046 0.993245
Epigenomics_46.txt 49 5 502.942 0.95 502.924 495012 0.990206
Inspiral_100.txt 102 11 86.7341 0.95 86.7017 224442 0.975739
Inspiral_1000.txt 1002 40 91.9813 0.95 91.9798 2.90896e+006 0.926201
Inspiral_30.txt 32 7 86.8915 0.95 86.8544 69203.2 0.984236
Inspiral_50.txt 52 12 91.8128 0.95 91.7694 122407 0.983269
Montage_100.txt 102 62 4.60235 0.95 4.60195 11654.8 0.99811
Montage_1000.txt 1002 662 23.9788 0.95 23.9763 56434 0.876856
Montage_25.txt 27 9 3.0268 0.95 3.02636 2960.78 0.998873
Montage_50.txt 52 28 3.62878 0.95 3.62777 6310.05 0.987339
Sipht_100.txt 99 23 291.224 0.95 284.613 242906 0.983299
Sipht_1000.txt 970 32 345.903 0.95 343.764 2.24703e+006 0.971245
Sipht_30.txt 31 17 286.926 0.95 274.989 78691.9 0.995541
Sipht_60.txt 60 18 301.946 0.95 294.714 167854 0.987592
avianflu_large.txt 2004 2000 140.57 0.95 93.7131 8.2985e+007 0.855385
avianflu_medium.txt 1004 1000 140.57 0.95 93.7131 4.14966e+007 0.924863
avianflu_small.txt 104 100 140.57 0.95 98.2926 3.78704e+006 0.892136
cadsr.txt 6 2 1.30157 0.95 1.23959 253.703 0.999922
floodplain.txt 9 2 7614.19 0.95 7456 2.42242e+006 0.986324
gene2life.txt 10 2 35.1424 0.95 34.9018 13332.2 0.995421
glimmer.txt 6 1 6.3777 0.95 6.074 1243.14 0.999617
leadadas.txt 8 3 324.482 0.95 257.61 105516 0.994005
leaddm..txt 5 1 14.9681 0.95 14.2553 2917.58 0.999101
leaddm.txt 5 1 14.9681 0.95 14.2553 2917.58 0.999101
leadmm..txt 8 3 324.482 0.95 250.241 101652 0.994154
leadmm.txt 8 3 324.482 0.95 250.241 101652 0.994154
mcstas.txt 5 1 290276 0.95 201335 1.0103e+008 0.817638
mememast.txt 4 1 7.80942 0.95 7.43755 1522.22 0.999531
molsci.txt 7 2 66.3801 0.95 62.3177 25773.3 0.99808
motif_large.txt 505 500 591.564 0.95 591.301 3.42559e+007 0.807733
motif_medium.txt 140 135 591.564 0.95 591.301 9.31044e+006 0.943848
motif_small.txt 15 10 591.564 0.95 591.301 767485 0.995553
psload_large.txt 5086 1000 3.25393 0.95 3.25081 1.39102e+006 0.989362
psload_medium.txt 491 100 3.25393 0.95 3.25081 131601 0.998979
psload_small.txt 6 1 3.25393 0.95 3.18414 634.113 0.999824
psmerge_medium.txt 843 195 960.559 0.95 862.757 2.06686e+008 0.677366
psmerge_small.txt 82 77 960.559 0.95 957.053 1.91975e+007 0.962618
scoop_large..txt 103 100 58.6358 0.95 56.7368 1.14166e+006 0.703248
scoop_large.txt 103 100 58.6358 0.95 56.7368 1.14166e+006 0.703248
scoop_medium.txt 53 50 58.6358 0.95 56.7368 570832 0.838563
scoop_small.txt 8 5 58.6358 0.95 56.7368 57083.9 0.98247
