44
CyberShake_100.txt 102 48 17.8281 0.99 17.8267 15264.3 0.98319
CyberShake_50.txt 52 23 20.5185 0.99 20.5137 11955 0.99011
Epigenomics_100.txt 102 24 2332.93 0.99 2286.78 4.40134e+006 0.962324
Epigenomics_24.txt 26 5 435.848 0.99 420.272 205210 0.995028
Epigenomics_46.txt 49 5 603.531 0.99 602.84 414226 0.98881
Inspiral_100.txt 102 11 104.081 0.99 104.006 218721 0.985936
Inspiral_1000.txt 1002 40 110.378 0.99 110.375 2.36796e+006 0.924435
Inspiral_30.txt 32 7 104.27 0.99 104.259 71534 0.995752
Inspiral_50.txt 52 12 110.175 0.99 110.15 125010 0.993645
Montage_100.txt 102 62 5.52282 0.99 5.52263 10711.3 0.99953
Montage_1000.txt 1002 662 28.7746 0.99 28.7743 66543.5 0.991326
Montage_25.txt 27 9 3.63216 0.99 3.6321 2930.32 0.998462
Montage_50.txt 52 28 4.35453 0.99 4.35425 5822.68 0.999379
Sipht_100.txt 99 23 349.469 0.99 327.367 216817 0.991325
Sipht_1000.txt 970 32 415.084 0.99 412.708 1.87944e+006 0.971016
Sipht_30.txt 31 17 344.311 0.99 319.584 73204.6 0.994489
Sipht_60.txt 60 18 362.336 0.99 336.65 143563 0.993959
avianflu_large.txt 2004 2000 168.684 0.99 157.841 4.55707e+007 0.75242
avianflu_medium.txt 1004 1000 168.684 0.99 157.841 2.27895e+007 0.867415
avianflu_small.txt 104 100 168.684 0.99 157.841 2.28642e+006 0.985863
cadsr.txt 6 2 1.56188 0.99 1.54972 258.468 0.999998
floodplain.txt 9 2 9137.02 0.99 8997.1 2.07984e+006 0.984811
gene2life.txt 10 2 42.1709 0.99 42.1173 13861.1 0.999907
glimmer.txt 6 1 7.65323 0.99 7.44711 1292.14 0.99999
leadadas.txt 8 3 389.378 0.99 255.795 114105 0.998215
leaddm..txt 5 1 17.9617 0.99 17.6722 2998.56 0.999978
leaddm.txt 5 1 17.9617 0.99 17.6722 2998.56 0.999978
leadmm..txt 8 3 389.378 0.99 385.445 67503.5 0.99831
leadmm.txt 8 3 389.378 0.99 385.445 67503.5 0.99831
mcstas.txt 5 1 348332 0.99 201335 1.0103e+008 0.817638
mememast.txt 4 1 9.37131 0.99 9.29833 1550.81 0.999989
molsci.txt 7 2 79.6561 0.99 76.6866 22909.7 0.994238
motif_large.txt 505 500 709.877 0.99 705.828 2.91574e+007 0.778064
motif_medium.txt 140 135 709.877 0.99 705.828 7.93362e+006 0.934349
motif_small.txt 15 10 709.877 0.99 705.828 665217 0.994794
psload_large.txt 5086 1000 3.90471 0.99 3.90115 1.16525e+006 0.990772
psload_medium.txt 491 100 3.90471 0.99 3.90115 110175 0.999129
psload_small.txt 6 1 3.90471 0.99 3.88253 647.415 0.999995
psmerge_medium.txt 843 195 1152.67 0.99 1069.39 1.13568e+008 0.492272
psmerge_small.txt 82 77 1152.67 0.99 1069.39 1.06149e+007 0.936203
scoop_large..txt 103 100 70.3629 0.99 69.2309 1.18715e+006 0.99102
scoop_large.txt 103 100 70.3629 0.99 69.2309 1.18715e+006 0.99102
scoop_medium.txt 53 50 70.3629 0.99 69.2309 593576 0.995495
scoop_small.txt 8 5 70.3629 0.99 69.2309 59358.6 0.999541
