44
CyberShake_100.txt 102 48 10.895 0.99 10.8949 26171.6 0.987701
CyberShake_50.txt 52 23 12.5391 0.99 12.5386 18316.1 0.995582
Epigenomics_100.txt 102 24 1425.68 0.99 1403.54 7.90158e+006 0.977682
Epigenomics_24.txt 26 5 266.351 0.99 264.243 381194 0.997964
Epigenomics_46.txt 49 5 368.824 0.99 368.743 776938 0.995845
Inspiral_100.txt 102 11 63.605 0.99 63.6018 366154 0.965583
Inspiral_1000.txt 1002 40 67.453 0.99 67.4526 4.36413e+006 0.958622
Inspiral_30.txt 32 7 63.7205 0.99 63.6056 119107 0.992725
Inspiral_50.txt 52 12 67.3294 0.99 66.9134 213052 0.980151
Montage_100.txt 102 62 3.37506 0.99 3.37467 20914.4 0.996343
Montage_1000.txt 1002 662 17.5845 0.99 17.5844 150177 0.9957
Montage_25.txt 27 9 2.21965 0.99 2.2195 4711.61 0.994495
Montage_50.txt 52 28 2.6611 0.99 2.65942 10130.5 0.998804
Sipht_100.txt 99 23 213.565 0.99 213.562 335630 0.996764
Sipht_1000.txt 970 32 253.662 0.99 253.018 2.87988e+006 0.976917
Sipht_30.txt 31 17 210.413 0.99 208.607 107920 0.997449
Sipht_60.txt 60 18 221.427 0.99 221.366 223491 0.997404
avianflu_large.txt 2004 2000 103.084 0.99 93.7131 8.2985e+007 0.855385
avianflu_medium.txt 1004 1000 103.084 0.99 93.7131 4.14966e+007 0.924863
avianflu_small.txt 104 100 103.084 0.99 93.7131 4.15713e+006 0.992205
cadsr.txt 6 2 0.954485 0.99 0.951178 420.868 0.999925
floodplain.txt 9 2 5583.74 0.99 5549.82 3.08022e+006 0.990766
gene2life.txt 10 2 25.7711 0.99 25.5841 22818.4 0.996315
glimmer.txt 6 1 4.67698 0.99 4.51416 2130.9 0.999913
leadadas.txt 8 3 237.953 0.99 233.898 117705 0.999501
leaddm..txt 5 1 10.9766 0.99 10.7072 4948.29 0.999579
leaddm.txt 5 1 10.9766 0.99 10.7072 4948.29 0.999579
leadmm..txt 8 3 237.953 0.99 226.994 115986 0.997919
leadmm.txt 8 3 237.953 0.99 226.994 115986 0.997919
mcstas.txt 5 1 212869 0.99 201335 1.0103e+008 0.817638
mememast.txt 4 1 5.72691 0.99 5.64191 2555.72 0.999673
molsci.txt 7 2 48.6787 0.99 48.5176 29479.4 0.999059
motif_large.txt 505 500 433.813 0.99 430.747 6.23163e+007 0.888973
motif_medium.txt 140 135 433.813 0.99 433.679 1.68865e+007 0.968308
motif_small.txt 15 10 433.813 0.99 433.679 1.3284e+006 0.997085
psload_large.txt 5086 1000 2.38621 0.99 2.36402 2.22159e+006 0.92458
psload_medium.txt 491 100 2.38621 0.99 2.38152 201746 0.95692
psload_small.txt 6 1 2.38621 0.99 2.38187 1062.38 0.999577
psmerge_medium.txt 843 195 704.41 0.99 684.622 2.0673e+008 0.677487
psmerge_small.txt 82 77 704.41 0.99 684.622 1.92576e+007 0.964355
scoop_large..txt 103 100 42.9996 0.99 42.204 1.96255e+006 0.944528
scoop_large.txt 103 100 42.9996 0.99 42.204 1.96255e+006 0.944528
scoop_medium.txt 53 50 42.9996 0.99 42.204 981277 0.971864
scoop_small.txt 8 5 42.9996 0.99 42.204 98128.8 0.997142
