44
CyberShake_100.txt 102 48 14.8568 0.95 14.8565 16646 0.987988
CyberShake_50.txt 52 23 17.0987 0.95 17.0703 12757.3 0.994946
Epigenomics_100.txt 102 24 1944.11 0.95 1907.53 5.27442e+006 0.967562
Epigenomics_24.txt 26 5 363.207 0.95 363.206 259463 0.997452
Epigenomics_46.txt 49 5 502.942 0.95 502.924 521293 0.99298
Inspiral_100.txt 102 11 86.7341 0.95 86.7017 250940 0.975755
Inspiral_1000.txt 1002 40 91.9813 0.95 91.9798 3.08294e+006 0.947253
Inspiral_30.txt 32 7 86.8915 0.95 86.888 80524.4 0.988057
Inspiral_50.txt 52 12 91.8128 0.95 91.7694 139674 0.983269
Montage_100.txt 102 62 4.60235 0.95 4.60195 12172 0.957606
Montage_1000.txt 1002 662 23.9788 0.95 23.9781 63954.8 0.886342
Montage_25.txt 27 9 3.0268 0.95 3.02636 3306.99 0.998873
Montage_50.txt 52 28 3.62878 0.95 3.62777 6602.13 0.985869
Sipht_100.txt 99 23 291.224 0.95 284.613 260370 0.985802
Sipht_1000.txt 970 32 345.903 0.95 343.841 2.25367e+006 0.972901
Sipht_30.txt 31 17 286.926 0.95 274.989 80199 0.995538
Sipht_60.txt 60 18 301.946 0.95 294.685 184532 0.990584
avianflu_large.txt 2004 2000 140.57 0.95 93.7131 8.2985e+007 0.855385
avianflu_medium.txt 1004 1000 140.57 0.95 93.7131 4.14966e+007 0.924863
avianflu_small.txt 104 100 140.57 0.95 98.2926 3.88363e+006 0.892136
cadsr.txt 6 2 1.30157 0.95 1.23959 309.886 0.999922
floodplain.txt 9 2 7614.19 0.95 7456 2.42664e+006 0.987451
gene2life.txt 10 2 35.1424 0.95 34.9018 16297 0.995421
glimmer.txt 6 1 6.3777 0.95 6.074 1518.44 0.999617
leadadas.txt 8 3 324.482 0.95 244.865 115606 0.999312
leaddm..txt 5 1 14.9681 0.95 14.2553 3563.69 0.999101
leaddm.txt 5 1 14.9681 0.95 14.2553 3563.69 0.999101
leadmm..txt 8 3 324.482 0.95 238.261 112241 0.997154
leadmm.txt 8 3 324.482 0.95 238.261 112241 0.997154
mcstas.txt 5 1 290276 0.95 201335 1.0103e+008 0.817638
mememast.txt 4 1 7.80942 0.95 7.43755 1859.32 0.999531
molsci.txt 7 2 66.3801 0.95 62.3177 26564.4 0.99808
motif_large.txt 505 500 591.564 0.95 591.301 3.42559e+007 0.807733
motif_medium.txt 140 135 591.564 0.95 591.301 9.31052e+006 0.943848
motif_small.txt 15 10 591.564 0.95 591.301 767569 0.995553
psload_large.txt 5086 1000 3.25393 0.95 3.25081 1.3937e+006 0.989362
psload_medium.txt 491 100 3.25393 0.95 3.25081 131870 0.998979
psload_small.txt 6 1 3.25393 0.95 3.18414 760.525 0.999824
psmerge_medium.txt 843 195 960.559 0.95 862.757 2.06686e+008 0.677366
psmerge_small.txt 82 77 960.559 0.95 957.053 1.92025e+007 0.962618
scoop_large..txt 103 100 58.6358 0.95 56.7368 1.39449e+006 0.703248
scoop_large.txt 103 100 58.6358 0.95 56.7368 1.39449e+006 0.703248
scoop_medium.txt 53 50 58.6358 0.95 56.7368 697245 0.838563
scoop_small.txt 8 5 58.6358 0.95 56.7368 69725.4 0.98247
