44
CyberShake_100.txt 102 48 14.8568 0.98 14.8565 17263.5 0.985845
CyberShake_50.txt 52 23 17.0987 0.98 17.096 13056.4 0.995202
Epigenomics_100.txt 102 24 1944.11 0.98 1907.53 5.27442e+006 0.967562
Epigenomics_24.txt 26 5 363.207 0.98 363.206 261899 0.997452
Epigenomics_46.txt 49 5 502.942 0.98 502.924 527063 0.992981
Inspiral_100.txt 102 11 86.7341 0.98 86.7285 268668 0.978878
Inspiral_1000.txt 1002 40 91.9813 0.98 91.9788 3.16535e+006 0.957001
Inspiral_30.txt 32 7 86.8915 0.98 86.888 88599.4 0.988485
Inspiral_50.txt 52 12 91.8128 0.98 91.8106 151713 0.985293
Montage_100.txt 102 62 4.60235 0.98 4.60195 12987.1 0.957606
Montage_1000.txt 1002 662 23.9788 0.98 23.9788 89309 0.988
Montage_25.txt 27 9 3.0268 0.98 3.02636 3591.55 0.998873
Montage_50.txt 52 28 3.62878 0.98 3.62777 6693.87 0.985869
Sipht_100.txt 99 23 291.224 0.98 283.457 257821 0.99316
Sipht_1000.txt 970 32 345.903 0.98 343.841 2.25686e+006 0.974115
Sipht_30.txt 31 17 286.926 0.98 274.797 80995.8 0.997426
Sipht_60.txt 60 18 301.946 0.98 294.54 188861 0.994133
avianflu_large.txt 2004 2000 140.57 0.98 93.7131 8.2985e+007 0.855385
avianflu_medium.txt 1004 1000 140.57 0.98 93.7131 4.14966e+007 0.924863
avianflu_small.txt 104 100 140.57 0.98 93.7131 4.15713e+006 0.992205
cadsr.txt 6 2 1.30157 0.98 1.23959 357.099 0.999922
floodplain.txt 9 2 7614.19 0.98 7456 2.42664e+006 0.987451
gene2life.txt 10 2 35.1424 0.98 34.9018 18785.2 0.995421
glimmer.txt 6 1 6.3777 0.98 6.074 1749.78 0.999617
leadadas.txt 8 3 324.482 0.98 244.865 115998 0.999312
leaddm..txt 5 1 14.9681 0.98 14.2553 4106.64 0.999101
leaddm.txt 5 1 14.9681 0.98 14.2553 4106.64 0.999101
leadmm..txt 8 3 324.482 0.98 238.261 113209 0.997154
leadmm.txt 8 3 324.482 0.98 238.261 113209 0.997154
mcstas.txt 5 1 290276 0.98 201335 1.0103e+008 0.817638
mememast.txt 4 1 7.80942 0.98 7.43755 2142.59 0.999531
molsci.txt 7 2 66.3801 0.98 62.9693 26400.9 0.995582
motif_large.txt 505 500 591.564 0.98 591.301 3.4256e+007 0.807733
motif_medium.txt 140 135 591.564 0.98 591.301 9.31058e+006 0.943848
motif_small.txt 15 10 591.564 0.98 591.301 767629 0.995553
psload_large.txt 5086 1000 3.25393 0.98 3.25081 1.39508e+006 0.989362
psload_medium.txt 491 100 3.25393 0.98 3.25081 132008 0.998979
psload_small.txt 6 1 3.25393 0.98 3.18414 866.754 0.999824
psmerge_medium.txt 843 195 960.559 0.98 862.757 2.06686e+008 0.677366
psmerge_small.txt 82 77 960.559 0.98 862.757 1.92134e+007 0.964183
scoop_large..txt 103 100 58.6358 0.98 42.204 1.96255e+006 0.944528
scoop_large.txt 103 100 58.6358 0.98 42.204 1.96255e+006 0.944528
scoop_medium.txt 53 50 58.6358 0.98 56.6487 803474 0.838628
scoop_small.txt 8 5 58.6358 0.98 56.6487 80348.4 0.982548
