44
CyberShake_100.txt 102 48 10.5449 0.999238 10.5435 27675.3 0.990718
CyberShake_50.txt 52 23 13.9071 0.971779 13.9068 15467.9 0.991072
Epigenomics_100.txt 102 24 1730.2 0.980509 1723.3 6.24445e+006 0.971254
Epigenomics_24.txt 26 5 355.688 0.977188 355.685 262717 0.995896
Epigenomics_46.txt 49 5 419.885 0.990211 419.882 634624 0.992946
Inspiral_100.txt 102 11 69.894 0.992684 69.8923 336951 0.973197
Inspiral_1000.txt 1002 40 81.0208 0.965563 81.0208 3.76375e+006 0.966937
Inspiral_30.txt 32 7 82.3354 0.999136 82.2993 92649.9 0.98905
Inspiral_50.txt 52 12 61.2413 0.976898 61.2379 225738 0.984878
Montage_100.txt 102 62 3.70908 0.99294 3.70888 16235.7 0.99883
Montage_1000.txt 1002 662 22.9523 0.968029 22.95 75282.9 0.995207
Montage_25.txt 27 9 2.17938 0.956147 2.17866 4900.1 0.999369
Montage_50.txt 52 28 2.6031 0.996935 2.60203 10223 0.985469
Sipht_100.txt 99 23 248.134 0.963154 247.886 286713 0.993749
Sipht_1000.txt 970 32 313.7 0.982343 311.691 2.59074e+006 0.97463
Sipht_30.txt 31 17 207.029 0.999923 206.892 108523 0.997722
Sipht_60.txt 60 18 244.79 0.98462 244.766 197688 0.996801
avianflu_large.txt 2004 2000 127.243 0.988087 93.7131 8.2985e+007 0.855385
avianflu_medium.txt 1004 1000 117.089 0.986775 93.7131 4.14966e+007 0.924863
avianflu_small.txt 104 100 124.233 0.990482 93.7131 4.15713e+006 0.992205
cadsr.txt 6 2 0.890288 0.990847 0.883969 452.657 0.999995
floodplain.txt 9 2 6975.05 0.987267 6969.03 2.84097e+006 0.987951
gene2life.txt 10 2 27.1874 0.991628 26.9024 21964.3 0.995101
glimmer.txt 6 1 4.56102 0.992714 4.50113 2137 0.999938
leadadas.txt 8 3 232.492 0.962015 232.485 118222 0.999623
leaddm..txt 5 1 13.024 0.952026 12.8537 4403 0.99901
leaddm.txt 5 1 12.148 0.999855 11.0634 4781.51 0.998894
leadmm..txt 8 3 232.155 0.960469 226.994 116406 0.998118
leadmm.txt 8 3 301.317 0.956672 235.978 114724 0.998253
mcstas.txt 5 1 225696 0.977396 201335 1.0103e+008 0.817638
mememast.txt 4 1 5.29132 0.966022 5.20628 2765.89 0.999995
molsci.txt 7 2 55.7936 0.993246 55.6262 27962.1 0.998452
motif_large.txt 505 500 557.838 0.992605 550.422 6.22816e+007 0.889178
motif_medium.txt 140 135 527.391 0.97954 438.625 1.68865e+007 0.968669
motif_small.txt 15 10 548.143 0.991956 438.625 1.3284e+006 0.997456
psload_large.txt 5086 1000 2.36694 0.95757 2.36402 2.22159e+006 0.92458
psload_medium.txt 491 100 3.11197 0.983658 3.10906 138929 0.99911
psload_small.txt 6 1 2.31887 0.998407 2.30735 1085.22 0.999947
psmerge_medium.txt 843 195 675.741 0.97674 648.961 2.06731e+008 0.677546
psmerge_small.txt 82 77 790.126 0.953826 684.622 1.92576e+007 0.964355
scoop_large..txt 103 100 41.9868 0.963584 41.9864 1.96255e+006 0.944531
scoop_large.txt 103 100 51.4142 0.978801 42.204 1.96255e+006 0.944528
scoop_medium.txt 53 50 45.81 0.975519 42.204 981277 0.971864
scoop_small.txt 8 5 51.9838 0.979521 42.204 98128.8 0.997142
