44
CyberShake_100.txt 102 48 11.8854 0.99 11.8829 22122.8 0.989534
CyberShake_50.txt 52 23 13.679 0.99 13.6789 15717.4 0.991691
Epigenomics_100.txt 102 24 1555.29 0.99 1554.93 7.11165e+006 0.974585
Epigenomics_24.txt 26 5 290.565 0.99 290.525 349654 0.997583
Epigenomics_46.txt 49 5 402.354 0.99 402.353 725300 0.994533
Inspiral_100.txt 102 11 69.3872 0.99 69.3543 342731 0.971985
Inspiral_1000.txt 1002 40 73.5851 0.99 73.5842 4.12269e+006 0.957782
Inspiral_30.txt 32 7 69.5132 0.99 69.4882 111666 0.991282
Inspiral_50.txt 52 12 73.4502 0.99 73.4006 195472 0.988128
Montage_100.txt 102 62 3.68188 0.99 3.68137 16296.2 0.998877
Montage_1000.txt 1002 662 19.1831 0.99 19.183 111782 0.908331
Montage_25.txt 27 9 2.42144 0.99 2.42097 4144.02 0.999657
Montage_50.txt 52 28 2.90302 0.99 2.90281 8326.35 0.996358
Sipht_100.txt 99 23 232.979 0.99 232.406 304926 0.997036
Sipht_1000.txt 970 32 276.723 0.99 270.898 2.74572e+006 0.975514
Sipht_30.txt 31 17 229.541 0.99 227.934 104320 0.998579
Sipht_60.txt 60 18 241.557 0.99 240.722 200268 0.996333
avianflu_large.txt 2004 2000 112.456 0.99 93.7131 8.2985e+007 0.855385
avianflu_medium.txt 1004 1000 112.456 0.99 93.7131 4.14966e+007 0.924863
avianflu_small.txt 104 100 112.456 0.99 93.7131 4.15713e+006 0.992205
cadsr.txt 6 2 1.04126 0.99 1.01483 403.115 0.999575
floodplain.txt 9 2 6091.35 0.99 5948.85 2.98745e+006 0.990108
gene2life.txt 10 2 28.1139 0.99 27.8242 21778.1 0.994508
glimmer.txt 6 1 5.10216 0.99 4.72455 2034.81 0.999463
leadadas.txt 8 3 259.585 0.99 236.479 116571 0.999345
leaddm..txt 5 1 11.9744 0.99 11.0634 4781.51 0.998894
leaddm.txt 5 1 11.9744 0.99 11.0634 4781.51 0.998894
leadmm..txt 8 3 259.585 0.99 230.042 115577 0.995551
leadmm.txt 8 3 259.585 0.99 230.042 115577 0.995551
mcstas.txt 5 1 232221 0.99 201335 1.0103e+008 0.817638
mememast.txt 4 1 6.24754 0.99 5.77223 2494.7 0.999423
molsci.txt 7 2 53.1041 0.99 52.9948 28607.8 0.998452
motif_large.txt 505 500 473.251 0.99 438.625 6.23163e+007 0.889278
motif_medium.txt 140 135 473.251 0.99 438.625 1.68865e+007 0.968669
motif_small.txt 15 10 473.251 0.99 438.625 1.3284e+006 0.997456
psload_large.txt 5086 1000 2.60314 0.99 2.51846 2.18615e+006 0.942398
psload_medium.txt 491 100 2.60314 0.99 2.58362 196745 0.95922
psload_small.txt 6 1 2.60314 0.99 2.55965 998.794 0.999783
psmerge_medium.txt 843 195 768.447 0.99 684.622 2.0673e+008 0.677487
psmerge_small.txt 82 77 768.447 0.99 684.622 1.92576e+007 0.964355
scoop_large..txt 103 100 46.9086 0.99 42.204 1.96255e+006 0.944528
scoop_large.txt 103 100 46.9086 0.99 42.204 1.96255e+006 0.944528
scoop_medium.txt 53 50 46.9086 0.99 42.204 981277 0.971864
scoop_small.txt 8 5 46.9086 0.99 42.204 98128.8 0.997142
