44
CyberShake_100.txt 102 48 14.8568 0.98 184.253 2722.69 0.981738
CyberShake_50.txt 52 23 17.0987 0.98 210.932 1565.66 0.981295
Epigenomics_100.txt 102 24 1944.11 0.98 1330.9 9.29592e+006 0.980069
Epigenomics_24.txt 26 5 363.207 0.98 1897.11 93388.7 0.98224
Epigenomics_46.txt 49 5 502.942 0.98 2148.99 305073 0.980663
Inspiral_100.txt 102 11 86.7341 0.98 748.175 70877.9 0.980352
Inspiral_1000.txt 1002 40 91.9813 0.98 142.439 3.46723e+006 0.980019
Inspiral_30.txt 32 7 86.8915 0.98 1049.33 8449.63 0.980992
Inspiral_50.txt 52 12 91.8128 0.98 1105.94 17589.8 0.980706
Montage_100.txt 102 62 4.60235 0.98 64.2163 1243.52 0.980393
Montage_1000.txt 1002 662 23.9788 0.98 136.778 15498.9 0.980032
Montage_25.txt 27 9 3.0268 0.98 47.5996 260.294 0.981569
Montage_50.txt 52 28 3.62878 0.98 55.1859 584.514 0.980562
Sipht_100.txt 99 23 291.224 0.98 992.794 105053 0.980298
Sipht_1000.txt 970 32 345.903 0.98 367.742 3.43234e+006 0.980056
Sipht_30.txt 31 17 286.926 0.98 2297.13 16945.8 0.983218
Sipht_60.txt 60 18 301.946 0.98 989.885 62481.8 0.981212
avianflu_large.txt 2004 2000 140.57 0.98 97.9883 8.29837e+007 0.855381
avianflu_medium.txt 1004 1000 140.57 0.98 108.201 4.14927e+007 0.924849
avianflu_small.txt 104 100 140.57 0.98 593.366 1.74957e+006 0.980155
cadsr.txt 6 2 1.30157 0.98 24.3973 20.7437 0.983318
floodplain.txt 9 2 7614.19 0.98 12171.3 1.57029e+006 0.981684
gene2life.txt 10 2 35.1424 0.98 473.528 1244.69 0.983709
glimmer.txt 6 1 6.3777 0.98 88.2744 111.786 0.989925
leadadas.txt 8 3 324.482 0.98 3936.16 6781.1 0.982761
leaddm..txt 5 1 14.9681 0.98 207.62 263.85 0.991799
leaddm.txt 5 1 14.9681 0.98 207.62 263.85 0.991799
leadmm..txt 8 3 324.482 0.98 3936.16 6605.81 0.984057
leadmm.txt 8 3 324.482 0.98 3936.16 6605.81 0.984057
mcstas.txt 5 1 290276 0.98 193518 1.02808e+008 0.824055
mememast.txt 4 1 7.80942 0.98 114.63 137.29 0.9896
molsci.txt 7 2 66.3801 0.98 889.741 1521.75 0.983977
motif_large.txt 505 500 591.564 0.98 416.5 6.23169e+007 0.889297
motif_medium.txt 140 135 591.564 0.98 416.5 1.68872e+007 0.96869
motif_small.txt 15 10 591.564 0.98 1756.82 320655 0.98141
psload_large.txt 5086 1000 3.25393 0.98 14.7477 744576 0.980006
psload_medium.txt 491 100 3.25393 0.98 42.4931 12154.9 0.980081
psload_small.txt 6 1 3.25393 0.98 55.0483 55.6647 0.990695
psmerge_medium.txt 843 195 960.559 0.98 651.061 2.06721e+008 0.677601
psmerge_small.txt 82 77 960.559 0.98 861.618 1.92524e+007 0.964185
scoop_large..txt 103 100 58.6358 0.98 168.979 513067 0.980399
scoop_large.txt 103 100 58.6358 0.98 168.979 513067 0.980399
scoop_medium.txt 53 50 58.6358 0.98 703.883 239371 0.98052
scoop_small.txt 8 5 58.6358 0.98 781.976 5648.99 0.986671
