44
CyberShake_100.txt 102 48 14.8568 0.9 198.793 2568.65 0.902035
CyberShake_50.txt 52 23 17.0987 0.9 234.106 1515.06 0.906256
Epigenomics_100.txt 102 24 1944.11 0.9 4657.13 3.76773e+006 0.901625
Epigenomics_24.txt 26 5 363.207 0.9 4500.67 22480.7 0.904062
Epigenomics_46.txt 49 5 502.942 0.9 6056.76 52975.7 0.904652
Inspiral_100.txt 102 11 86.7341 0.9 1048.91 26428.7 0.901792
Inspiral_1000.txt 1002 40 91.9813 0.9 673.531 1.19477e+006 0.900259
Inspiral_30.txt 32 7 86.8915 0.9 1163.11 7691.49 0.909233
Inspiral_50.txt 52 12 91.8128 0.9 1132.16 14328.8 0.90451
Montage_100.txt 102 62 4.60235 0.9 75.8449 1231.41 0.901921
Montage_1000.txt 1002 662 23.9788 0.9 304.645 13178.3 0.900217
Montage_25.txt 27 9 3.0268 0.9 60.6911 247.086 0.906505
Montage_50.txt 52 28 3.62878 0.9 61.9371 566.719 0.908809
Sipht_100.txt 99 23 291.224 0.9 3495.52 46316.8 0.902599
Sipht_1000.txt 970 32 345.903 0.9 661.977 1.66189e+006 0.900123
Sipht_30.txt 31 17 286.926 0.9 3486.89 7008.82 0.910767
Sipht_60.txt 60 18 301.946 0.9 3624.57 14869.9 0.902537
avianflu_large.txt 2004 2000 140.57 0.9 140.545 8.29788e+007 0.855345
avianflu_medium.txt 1004 1000 140.57 0.9 277.561 3.32617e+007 0.90003
avianflu_small.txt 104 100 140.57 0.9 1697.03 753000 0.901073
cadsr.txt 6 2 1.30157 0.9 31.5313 16.177 0.945472
floodplain.txt 9 2 7614.19 0.9 40010.9 669193 0.912416
gene2life.txt 10 2 35.1424 0.9 498.136 1237.42 0.942705
glimmer.txt 6 1 6.3777 0.9 111.699 106.667 0.961505
leadadas.txt 8 3 324.482 0.9 3947.53 6769.45 0.922651
leaddm..txt 5 1 14.9681 0.9 253.222 256.058 0.957908
leaddm.txt 5 1 14.9681 0.9 253.222 256.058 0.957908
leadmm..txt 8 3 324.482 0.9 3947.53 6592.84 0.926771
leadmm.txt 8 3 324.482 0.9 3947.53 6592.84 0.926771
mcstas.txt 5 1 290276 0.9 193518 1.02808e+008 0.824055
mememast.txt 4 1 7.80942 0.9 132.116 133.595 0.977813
molsci.txt 7 2 66.3801 0.9 938.957 1512 0.923198
motif_large.txt 505 500 591.564 0.9 416.5 6.23169e+007 0.889297
motif_medium.txt 140 135 591.564 0.9 1639.31 5.68222e+006 0.900898
motif_small.txt 15 10 591.564 0.9 7437.37 73405.7 0.913739
psload_large.txt 5086 1000 3.25393 0.9 39.9059 227901 0.900046
psload_medium.txt 491 100 3.25393 0.9 44.2369 11335.1 0.90052
psload_small.txt 6 1 3.25393 0.9 64.5602 49.5759 0.940183
psmerge_medium.txt 843 195 960.559 0.9 679.399 2.0671e+008 0.677505
psmerge_small.txt 82 77 960.559 0.9 2831.32 7.46119e+006 0.901113
scoop_large..txt 103 100 58.6358 0.9 781.976 114799 0.903493
scoop_large.txt 103 100 58.6358 0.9 781.976 114799 0.903493
scoop_medium.txt 53 50 58.6358 0.9 781.976 56597.2 0.903162
scoop_small.txt 8 5 58.6358 0.9 781.976 5190.46 0.959039
