44
CyberShake_100.txt 102 48 14.8568 0.99 178.513 2804.72 0.99013
CyberShake_50.txt 52 23 17.0987 0.99 210.932 1626.99 0.99059
Epigenomics_100.txt 102 24 1944.11 0.99 1297.19 9.29798e+006 0.982456
Epigenomics_24.txt 26 5 363.207 0.99 1077.96 134702 0.990727
Epigenomics_46.txt 49 5 502.942 0.99 914.681 415758 0.990288
Inspiral_100.txt 102 11 86.7341 0.99 516.79 111821 0.990288
Inspiral_1000.txt 1002 40 91.9813 0.99 64.9229 5.2249e+006 0.99
Inspiral_30.txt 32 7 86.8915 0.99 1036.36 13030.5 0.990405
Inspiral_50.txt 52 12 91.8128 0.99 861.492 46113 0.990548
Montage_100.txt 102 62 4.60235 0.99 61.9186 1248.13 0.990364
Montage_1000.txt 1002 662 23.9788 0.99 135.467 16640.2 0.990025
Montage_25.txt 27 9 3.0268 0.99 44.7804 261.602 0.990843
Montage_50.txt 52 28 3.62878 0.99 51.1891 585.895 0.990238
Sipht_100.txt 99 23 291.224 0.99 660.78 174135 0.990124
Sipht_1000.txt 970 32 345.903 0.99 253.151 3.85449e+006 0.990008
Sipht_30.txt 31 17 286.926 0.99 773.27 30568.9 0.991925
Sipht_60.txt 60 18 301.946 0.99 822.562 87916.5 0.990163
avianflu_large.txt 2004 2000 140.57 0.99 93.7131 8.2985e+007 0.855385
avianflu_medium.txt 1004 1000 140.57 0.99 97.9883 4.14954e+007 0.924859
avianflu_small.txt 104 100 140.57 0.99 277.561 3.55174e+006 0.990053
cadsr.txt 6 2 1.30157 0.99 22.0193 22.2659 0.996268
floodplain.txt 9 2 7614.19 0.99 5589.15 3.06902e+006 0.990701
gene2life.txt 10 2 35.1424 0.99 470.884 1306.38 0.9921
glimmer.txt 6 1 6.3777 0.99 87.3232 112.395 0.995119
leadadas.txt 8 3 324.482 0.99 3900.14 6824.87 0.991433
leaddm..txt 5 1 14.9681 0.99 202.52 264.928 0.995271
leaddm.txt 5 1 14.9681 0.99 202.52 264.928 0.995271
leadmm..txt 8 3 324.482 0.99 3900.14 6649.58 0.992741
leadmm.txt 8 3 324.482 0.99 3900.14 6649.58 0.992741
mcstas.txt 5 1 290276 0.99 193518 1.02808e+008 0.824055
mememast.txt 4 1 7.80942 0.99 109.342 137.84 0.994269
molsci.txt 7 2 66.3801 0.99 832.707 1598.72 0.993311
motif_large.txt 505 500 591.564 0.99 398.67 6.2317e+007 0.889305
motif_medium.txt 140 135 591.564 0.99 416.5 1.68872e+007 0.96869
motif_small.txt 15 10 591.564 0.99 1639.31 413198 0.990578
psload_large.txt 5086 1000 3.25393 0.99 6.38609 1.2131e+006 0.990002
psload_medium.txt 491 100 3.25393 0.99 39.9059 21853.7 0.990046
psload_small.txt 6 1 3.25393 0.99 50.6768 56.5884 0.993667
psmerge_medium.txt 843 195 960.559 0.99 640.373 2.06736e+008 0.677637
psmerge_small.txt 82 77 960.559 0.99 679.399 1.92537e+007 0.96436
scoop_large..txt 103 100 58.6358 0.99 157.082 874556 0.990081
scoop_large.txt 103 100 58.6358 0.99 157.082 874556 0.990081
scoop_medium.txt 53 50 58.6358 0.99 168.979 256944 0.990341
scoop_small.txt 8 5 58.6358 0.99 704.358 5763.62 0.993702
