44
CyberShake_100.txt 102 48 14.8568 0.95 183.936 2549.89 0.950985
CyberShake_50.txt 52 23 17.0987 0.95 227.98 1452.7 0.952552
Epigenomics_100.txt 102 24 1944.11 0.95 3314.84 5.02974e+006 0.950845
Epigenomics_24.txt 26 5 363.207 0.95 4492.49 22453 0.951927
Epigenomics_46.txt 49 5 502.942 0.95 5032.28 72818.3 0.953603
Inspiral_100.txt 102 11 86.7341 0.95 1045.01 26651.8 0.951257
Inspiral_1000.txt 1002 40 91.9813 0.95 261.909 1.72305e+006 0.950075
Inspiral_30.txt 32 7 86.8915 0.95 1090.44 7973.57 0.955199
Inspiral_50.txt 52 12 91.8128 0.95 1107.54 14659.7 0.952785
Montage_100.txt 102 62 4.60235 0.95 66.6344 1055.97 0.950896
Montage_1000.txt 1002 662 23.9788 0.95 290.943 13889.3 0.950117
Montage_25.txt 27 9 3.0268 0.95 48.7841 178.986 0.961862
Montage_50.txt 52 28 3.62878 0.95 53.9941 407.497 0.954507
Sipht_100.txt 99 23 291.224 0.95 1858.64 68075.2 0.950611
Sipht_1000.txt 970 32 345.903 0.95 452.207 2.43498e+006 0.950113
Sipht_30.txt 31 17 286.926 0.95 3443.17 7052.07 0.956157
Sipht_60.txt 60 18 301.946 0.95 2245.42 37720 0.954249
avianflu_large.txt 2004 2000 140.57 0.95 121.199 8.298e+007 0.855361
avianflu_medium.txt 1004 1000 140.57 0.95 140.545 4.14904e+007 0.92482
avianflu_small.txt 104 100 140.57 0.95 1686.68 962532 0.950404
cadsr.txt 6 2 1.30157 0.95 28.4247 12.8783 0.958401
floodplain.txt 9 2 7614.19 0.95 29043 830118 0.958727
gene2life.txt 10 2 35.1424 0.95 473.528 1202.16 0.981397
glimmer.txt 6 1 6.3777 0.95 98.585 76.0331 0.970184
leadadas.txt 8 3 324.482 0.95 3936.16 6698.82 0.961453
leaddm..txt 5 1 14.9681 0.95 219.707 182.151 0.980162
leaddm.txt 5 1 14.9681 0.95 219.707 182.151 0.980162
leadmm..txt 8 3 324.482 0.95 3936.16 6544.48 0.967111
leadmm.txt 8 3 324.482 0.95 3936.16 6544.48 0.967111
mcstas.txt 5 1 290276 0.95 193518 1.02808e+008 0.824055
mememast.txt 4 1 7.80942 0.95 114.63 95.0355 0.9896
molsci.txt 7 2 66.3801 0.95 895.029 1478.94 0.979356
motif_large.txt 505 500 591.564 0.95 416.5 6.23169e+007 0.889297
motif_medium.txt 140 135 591.564 0.95 908.675 1.19336e+007 0.950193
motif_small.txt 15 10 591.564 0.95 7108.5 127519 0.957519
psload_large.txt 5086 1000 3.25393 0.95 22.0757 485356 0.95002
psload_medium.txt 491 100 3.25393 0.95 44.2369 11793.1 0.950333
psload_small.txt 6 1 3.25393 0.95 53.9756 37.6242 0.968971
psmerge_medium.txt 843 195 960.559 0.95 679.399 2.0671e+008 0.677505
psmerge_small.txt 82 77 960.559 0.95 1758.95 1.50159e+007 0.950219
scoop_large..txt 103 100 58.6358 0.95 703.737 344810 0.95099
scoop_large.txt 103 100 58.6358 0.95 703.737 344810 0.95099
scoop_medium.txt 53 50 58.6358 0.95 781.354 57399.6 0.951773
scoop_small.txt 8 5 58.6358 0.95 781.976 5304.88 0.965874
