44
CyberShake_100.txt 102 48 10.5449 0.999238 27.7017 14407.6 0.999262
CyberShake_50.txt 52 23 13.9071 0.971779 210.932 1548.54 0.972692
Epigenomics_100.txt 102 24 1730.2 0.980509 1310.25 9.29607e+006 0.980571
Epigenomics_24.txt 26 5 355.688 0.977188 3079.38 82874.5 0.979291
Epigenomics_46.txt 49 5 419.885 0.990211 914.681 423974 0.990455
Inspiral_100.txt 102 11 69.894 0.992684 253.265 117204 0.992849
Inspiral_1000.txt 1002 40 81.0208 0.965563 208.481 2.152e+006 0.96559
Inspiral_30.txt 32 7 82.3354 0.999136 152.206 69159.7 0.99919
Inspiral_50.txt 52 12 61.2413 0.976898 1106.71 15024.2 0.977804
Montage_100.txt 102 62 3.70908 0.99294 61.3605 1283.81 0.99302
Montage_1000.txt 1002 662 22.9523 0.968029 192.442 14857.4 0.96809
Montage_25.txt 27 9 2.17938 0.956147 51.5091 255.415 0.96228
Montage_50.txt 52 28 2.6031 0.996935 48.4316 612.28 0.99709
Sipht_100.txt 99 23 248.134 0.963154 1037.21 89298.6 0.964776
Sipht_1000.txt 970 32 313.7 0.982343 304.339 3.53373e+006 0.982364
Sipht_30.txt 31 17 207.029 0.999923 191.284 127841 0.999759
Sipht_60.txt 60 18 244.79 0.98462 989.885 63063.1 0.985646
avianflu_large.txt 2004 2000 127.243 0.988087 93.7131 8.2985e+007 0.855385
avianflu_medium.txt 1004 1000 117.089 0.986775 99.6509 4.14952e+007 0.924857
avianflu_small.txt 104 100 124.233 0.990482 206.24 3.67566e+006 0.990534
cadsr.txt 6 2 0.890288 0.990847 22.0193 22.2659 0.996268
floodplain.txt 9 2 6975.05 0.987267 8129.86 2.38733e+006 0.987951
gene2life.txt 10 2 27.1874 0.991628 445.011 1344.59 0.994452
glimmer.txt 6 1 4.56102 0.992714 87.3232 112.395 0.995119
leadadas.txt 8 3 232.492 0.962015 3936.16 6779.89 0.972528
leaddm..txt 5 1 13.024 0.952026 234.425 260.029 0.970327
leaddm.txt 5 1 12.148 0.999855 101.246 872.97 0.999899
leadmm..txt 8 3 232.155 0.960469 3936.16 6603.78 0.967111
leadmm.txt 8 3 301.317 0.956672 3936.16 6603.78 0.967111
mcstas.txt 5 1 225696 0.977396 193518 1.02808e+008 0.824055
mememast.txt 4 1 5.29132 0.966022 132.116 133.595 0.977813
molsci.txt 7 2 55.7936 0.993246 832.707 1636.93 0.995665
motif_large.txt 505 500 557.838 0.992605 398.279 6.2317e+007 0.889314
motif_medium.txt 140 135 527.391 0.97954 416.5 1.68872e+007 0.96869
motif_small.txt 15 10 548.143 0.991956 1349.12 539285 0.992592
psload_large.txt 5086 1000 2.36694 0.95757 39.0434 529105 0.957596
psload_medium.txt 491 100 3.11197 0.983658 42.4931 12214.7 0.983722
psload_small.txt 6 1 2.31887 0.998407 43.7962 57.6169 0.999175
psmerge_medium.txt 843 195 675.741 0.97674 655.217 2.06718e+008 0.677587
psmerge_small.txt 82 77 790.126 0.953826 1758.95 1.62086e+007 0.954013
scoop_large..txt 103 100 41.9868 0.963584 703.883 485648 0.96405
scoop_large.txt 103 100 51.4142 0.978801 168.979 511016 0.979001
scoop_medium.txt 53 50 45.81 0.975519 703.883 213517 0.976194
scoop_small.txt 8 5 51.9838 0.979521 781.976 5648.99 0.986671
