44
CyberShake_100.txt 102 48 14.8568 0.999 28.3192 13227.9 0.999029
CyberShake_50.txt 52 23 17.0987 0.999 62.7442 6476.55 0.999047
Epigenomics_100.txt 102 24 1944.11 0.999 1296.94 9.29798e+006 0.982641
Epigenomics_24.txt 26 5 363.207 0.999 276.296 404915 0.999037
Epigenomics_46.txt 49 5 502.942 0.999 348.715 953881 0.998179
Inspiral_100.txt 102 11 86.7341 0.999 64.6452 478700 0.999001
Inspiral_1000.txt 1002 40 91.9813 0.999 61.3209 5.24834e+006 0.99017
Inspiral_30.txt 32 7 86.8915 0.999 152.206 61505.3 0.999052
Inspiral_50.txt 52 12 91.8128 0.999 129.751 192865 0.999021
Montage_100.txt 102 62 4.60235 0.999 56.4352 1435.7 0.999018
Montage_1000.txt 1002 662 23.9788 0.999 18.0821 132118 0.999001
Montage_25.txt 27 9 3.0268 0.999 39.3133 281.677 0.999069
Montage_50.txt 52 28 3.62878 0.999 46.3401 642.629 0.999061
Sipht_100.txt 99 23 291.224 0.999 195.226 392493 0.999008
Sipht_1000.txt 970 32 345.903 0.999 230.602 4.00312e+006 0.992493
Sipht_30.txt 31 17 286.926 0.999 217.386 106301 0.999058
Sipht_60.txt 60 18 301.946 0.999 213.652 245953 0.999012
avianflu_large.txt 2004 2000 140.57 0.999 93.7131 8.2985e+007 0.855385
avianflu_medium.txt 1004 1000 140.57 0.999 93.7131 4.14966e+007 0.924863
avianflu_small.txt 104 100 140.57 0.999 97.9883 4.15588e+006 0.992201
cadsr.txt 6 2 1.30157 0.999 17.7829 23.0193 0.999434
floodplain.txt 9 2 7614.19 0.999 5076.12 3.69246e+006 0.993074
gene2life.txt 10 2 35.1424 0.999 245.955 3932.86 0.99919
glimmer.txt 6 1 6.3777 0.999 77.6252 124.424 0.999525
leadadas.txt 8 3 324.482 0.999 591.978 63784.5 0.999097
leaddm..txt 5 1 14.9681 0.999 182.618 290.086 0.999544
leaddm.txt 5 1 14.9681 0.999 182.618 290.086 0.999544
leadmm..txt 8 3 324.482 0.999 602.788 51408.3 0.999132
leadmm.txt 8 3 324.482 0.999 602.788 51408.3 0.999132
mcstas.txt 5 1 290276 0.999 193518 1.02808e+008 0.824055
mememast.txt 4 1 7.80942 0.999 98.8787 146.033 0.999433
molsci.txt 7 2 66.3801 0.999 439.884 4107.28 0.999144
motif_large.txt 505 500 591.564 0.999 394.376 6.23176e+007 0.889317
motif_medium.txt 140 135 591.564 0.999 398.279 1.68873e+007 0.968708
motif_small.txt 15 10 591.564 0.999 416.5 1.32905e+006 0.997478
psload_large.txt 5086 1000 3.25393 0.999 2.16928 2.36253e+006 0.995563
psload_medium.txt 491 100 3.25393 0.999 6.38609 110374 0.999002
psload_small.txt 6 1 3.25393 0.999 43.3555 57.6628 0.999567
psmerge_medium.txt 843 195 960.559 0.999 640.373 2.06736e+008 0.677637
psmerge_small.txt 82 77 960.559 0.999 640.373 1.92589e+007 0.964398
scoop_large..txt 103 100 58.6358 0.999 39.0905 2.07444e+006 0.996103
scoop_large.txt 103 100 58.6358 0.999 39.0905 2.07444e+006 0.996103
scoop_medium.txt 53 50 58.6358 0.999 39.0905 1.03723e+006 0.99805
scoop_small.txt 8 5 58.6358 0.999 157.082 25941.6 0.999133
