44
CyberShake_100.txt 102 48 14.8568 0.95 184.253 2595.72 0.951576
CyberShake_50.txt 52 23 17.0987 0.95 228.626 1520.95 0.953156
Epigenomics_100.txt 102 24 1944.11 0.95 2988.39 5.01343e+006 0.950411
Epigenomics_24.txt 26 5 363.207 0.95 4379.62 22661.7 0.960636
Epigenomics_46.txt 49 5 502.942 0.95 5031.58 130516 0.952696
Inspiral_100.txt 102 11 86.7341 0.95 1046.46 26846.1 0.95093
Inspiral_1000.txt 1002 40 91.9813 0.95 261.909 1.72615e+006 0.950075
Inspiral_30.txt 32 7 86.8915 0.95 1050.9 8207.12 0.954325
Inspiral_50.txt 52 12 91.8128 0.95 1109.82 14844.5 0.951689
Montage_100.txt 102 62 4.60235 0.95 66.7553 1239.94 0.950817
Montage_1000.txt 1002 662 23.9788 0.95 290.943 13889.3 0.950117
Montage_25.txt 27 9 3.0268 0.95 51.4211 253.957 0.957742
Montage_50.txt 52 28 3.62878 0.95 59.2985 580.158 0.95244
Sipht_100.txt 99 23 291.224 0.95 1858.38 72016.3 0.952918
Sipht_1000.txt 970 32 345.903 0.95 452.207 2.43609e+006 0.950085
Sipht_30.txt 31 17 286.926 0.95 3443.49 7077.33 0.954728
Sipht_60.txt 60 18 301.946 0.95 2245.71 42702.4 0.953108
avianflu_large.txt 2004 2000 140.57 0.95 121.199 8.298e+007 0.855361
avianflu_medium.txt 1004 1000 140.57 0.95 140.545 4.14904e+007 0.92482
avianflu_small.txt 104 100 140.57 0.95 1686.68 1.00375e+006 0.950404
cadsr.txt 6 2 1.30157 0.95 26.7753 19.2215 0.970537
floodplain.txt 9 2 7614.19 0.95 29043 837847 0.958727
gene2life.txt 10 2 35.1424 0.95 482.271 1240.72 0.969708
glimmer.txt 6 1 6.3777 0.95 111.699 106.667 0.961505
leadadas.txt 8 3 324.482 0.95 3936.16 6778.55 0.961453
leaddm..txt 5 1 14.9681 0.95 234.425 260.029 0.970327
leaddm.txt 5 1 14.9681 0.95 234.425 260.029 0.970327
leadmm..txt 8 3 324.482 0.95 3929.29 6601.79 0.964535
leadmm.txt 8 3 324.482 0.95 3929.29 6601.79 0.964535
mcstas.txt 5 1 290276 0.95 193518 1.02808e+008 0.824055
mememast.txt 4 1 7.80942 0.95 132.116 133.595 0.977813
molsci.txt 7 2 66.3801 0.95 903.772 1519.35 0.973507
motif_large.txt 505 500 591.564 0.95 416.5 6.23169e+007 0.889297
motif_medium.txt 140 135 591.564 0.95 908.675 1.19336e+007 0.950193
motif_small.txt 15 10 591.564 0.95 7112.87 182625 0.957652
psload_large.txt 5086 1000 3.25393 0.95 22.0757 522283 0.95002
psload_medium.txt 491 100 3.25393 0.95 44.2369 11845.9 0.950333
psload_small.txt 6 1 3.25393 0.95 59.8043 52.6203 0.965109
psmerge_medium.txt 843 195 960.559 0.95 679.399 2.0671e+008 0.677505
psmerge_small.txt 82 77 960.559 0.95 1758.95 1.50159e+007 0.950219
scoop_large..txt 103 100 58.6358 0.95 703.883 394405 0.950895
scoop_large.txt 103 100 58.6358 0.95 703.883 394405 0.950895
scoop_medium.txt 53 50 58.6358 0.95 781.5 57400 0.951678
scoop_small.txt 8 5 58.6358 0.95 781.976 5305.09 0.965874
